NShow	Energy	ZFInt	ZhAng	AzAng	NParticles
1	1000	21.8589	20.9329	175.381	240
2	1000	21.6378	19.0342	-9.29939	51
3	1000	22.9038	16.5626	164.264	246
4	1000	13.4947	20.7523	155.633	32
5	1000	19.9795	8.44973	48.147	49
6	1000	12.9938	17.9335	-67.0737	120
7	1000	19.1748	25.0942	48.5312	35
8	1000	18.5189	23.9635	81.5776	45
9	1000	9.78908	1.89148	-8.97437	157
10	1000	33.8135	13.0912	-8.05829	104
11	1000	8.72218	13.2556	-138.722	293
12	1000	15.9065	22.943	169.062	51
13	1000	14.7545	5.88405	30.0289	103
14	1000	17.7073	25.0998	147.116	216
15	1000	18.5941	11.7909	94.3197	25
16	1000	18.454	15.4413	179.039	137
17	1000	26.1	8.77941	64.5347	43
18	1000	23.5406	14.0241	-125.098	93
19	1000	23.2609	25.0189	-43.5902	14
20	1000	23.5156	18.5125	-20.5344	24
21	1000	20.8531	23.6515	94.5267	33
22	1000	25.5394	13.3432	-59.5698	29
23	1000	25.6926	10.3989	-34.2555	13
24	1000	10.8105	14.6704	-16.1009	42
25	1000	17.0204	20.689	63.407	222
26	1000	18.7851	24.8096	-33.5978	34
27	1000	25.1457	12.2423	27.1799	159
28	1000	17.1988	18.2557	139.66	33
29	1000	19.658	12.48	65.0233	34
30	1000	35.11	14.6943	-65.6738	19
31	1000	24.901	13.1669	-73.0398	31
32	1000	13.6668	8.29743	-13.332	80
33	1000	13.8853	21.4233	-8.39064	39
34	1000	27.7557	15.3051	65.361	37
35	1000	30.8469	16.8248	62.2751	23
36	1000	26.5276	18.0128	-148.059	31
37	1000	13.9032	19.7042	-128.717	30
38	1000	22.7669	6.5307	-22.4531	34
39	1000	17.9392	21.8765	-68.6976	46
40	1000	15.8668	10.2342	-27.9513	199
41	1000	28.0325	19.7158	3.99721	22
42	1000	28.9666	13.0887	61.9581	50
43	1000	14.7228	12.2776	-80.239	56
44	1000	21.2462	6.40018	-65.6458	117
45	1000	20.9269	16.3461	-40.9637	27
46	1000	22.1702	5.02008	-172.181	19
47	1000	27.8513	17.33	136.101	23
48	1000	17.4203	15.7113	178.693	371
49	1000	15.3363	6.46298	96.059	59
50	1000	10.6612	22.2622	-102.743	322
51	1000	10.1646	24.3866	66.2562	74
52	1000	14.1157	19.1037	7.12531	55
53	1000	28.8751	18.1995	84.616	70
54	1000	10.3289	16.0797	-97.0856	295
55	1000	11.3088	23.4594	-62.4957	120
56	1000	23.722	16.7065	158.084	14
57	1000	9.99263	20.9552	-177.421	258
58	1000	18.6177	20.3812	-118.289	60
59	1000	26.9405	18.3792	-130.277	36
60	1000	24.9907	24.7354	-157.933	37
61	1000	13.1728	17.0049	70.371	107
62	1000	23.7918	25.3801	130.947	149
63	1000	11.24	12.388	84.7985	65
64	1000	35.5888	4.5474	-117.65	26
65	1000	21.444	21.1545	-125.479	27
66	1000	14.8545	19.6945	3.8313	46
67	1000	17.5945	13.414	12.0564	110
68	1000	24.1267	22.2604	-21.8384	36
69	1000	24.7345	22.0444	-164.28	13
70	1000	17.1125	25.3811	-60.6856	27
71	1000	31.5697	12.3188	-17.2486	135
72	1000	29.944	20.932	-136.911	15
73	1000	10.9729	16.3704	-165.77	141
74	1000	14.8873	9.23391	-13.1771	38
75	1000	23.651	25.5185	-22.5054	16
76	1000	18.8591	15.0736	69.4343	43
77	1000	13.4541	22.4062	-101.936	37
78	1000	29.4249	8.2038	48.9573	48
79	1000	28.8101	25.2913	152.385	47
80	1000	32.2962	21.8332	40.7484	18
81	1000	15.2667	20.9892	98.3619	37
82	1000	14.7482	17.4767	76.3094	283
83	1000	18.109	25.7124	-116.935	54
84	1000	34.6592	12.7266	104.374	26
85	1000	29.4421	12.2101	95.431	24
86	1000	32.8487	21.058	114.124	51
87	1000	13.7855	18.6184	-140.486	37
88	1000	11.636	18.6733	-98.51	198
89	1000	23.7211	8.68722	123.207	60
90	1000	35.3504	20.2731	-108.944	26
91	1000	15.7968	4.09721	-177.492	32
92	1000	18.9762	22.4954	-33.7242	41
93	1000	33.8949	25.6154	135.813	53
94	1000	13.7621	19.863	149.122	208
95	1000	24.3668	18.5462	-56.0628	28
96	1000	14.1012	15.8467	-21.9805	39
97	1000	20.7594	15.4193	11.0542	44
98	1000	20.9963	24.4816	82.693	34
99	1000	17.1147	8.35705	-17.5145	35
100	1000	26.6671	9.25639	165.065	35
101	1000	8.69112	15.065	75.5959	189
102	1000	30.5651	12.344	-122.663	106
103	1000	16.6908	20.3436	-168.024	39
104	1000	15.91	19.7026	152.457	22
105	1000	43.6348	15.4067	165.584	16
106	1000	16.6422	18.6872	-150.981	246
107	1000	30.3348	18.2318	-134.902	55
108	1000	11.2492	16.88	36.9822	127
109	1000	17.9813	17.9749	-111.784	50
110	1000	17.246	11.723	123.757	35
111	1000	29.7273	9.91273	-134.574	40
112	1000	23.5455	0.982348	-35.4783	24
113	1000	21.312	16.0358	-20.6738	45
114	1000	28.6223	24.0584	-175.635	26
115	1000	15.4542	17.8448	-43.1483	62
116	1000	8.87295	21.9129	146.192	208
117	1000	22.8593	16.0438	100.964	30
118	1000	31.3247	22.4294	29.1335	21
119	1000	19.6134	17.6494	-136.273	26
120	1000	27.6884	22.9379	-50.0167	44
121	1000	44.0549	10.5449	-38.004	20
122	1000	16.4409	6.7497	29.1109	369
123	1000	25.6658	11.9366	123.76	53
124	1000	14.971	20.4383	138.953	73
125	1000	30.2032	7.15021	106.563	30
126	1000	12.7449	9.62005	-51.5164	68
127	1000	14.1185	24.7112	-133.634	41
128	1000	14.6749	25.1479	-37.2435	63
129	1000	20.1258	23.2537	10.1165	74
130	1000	16.1872	4.95428	-31.7181	106
131	1000	9.72748	21.8315	16.3379	143
132	1000	22.6537	3.95659	-89.0969	15
133	1000	15.9223	13.144	147.889	75
134	1000	25.099	16.9228	-37.7866	36
135	1000	8.39305	4.29357	-98.7839	187
136	1000	23.0227	13.2716	7.77579	24
137	1000	13.3585	12.079	29.3591	148
138	1000	38.1048	10.7623	34.3018	22
139	1000	24.5019	23.1307	-35.4434	46
140	1000	22.9207	20.7842	-176.588	30
141	1000	21.5387	8.89792	-159.536	34
142	1000	18.4825	24.1213	23.9367	129
143	1000	24.6402	24.0103	26.1756	96
144	1000	45.4416	22.7362	-144.9	11
145	1000	23.4891	7.40788	71.4039	17
146	1000	23.4621	10.3603	46.2938	33
147	1000	25.2166	16.675	118.592	32
148	1000	28.731	8.99549	-35.3987	31
149	1000	48.1646	9.34073	-147.056	47
150	1000	16.2516	15.491	33.7852	67
151	1000	14.0015	19.3626	-15.4959	51
152	1000	21.2143	16.0803	131.931	25
153	1000	11.4653	9.85449	-30.3929	91
154	1000	24.5706	12.3724	99.7631	318
155	1000	15.5247	23.2787	77.769	32
156	1000	8.92821	21.0821	-138.398	77
157	1000	27.5808	7.28383	-102.779	86
158	1000	15.9132	7.81072	-46.4192	44
159	1000	22.2753	23.0358	-90.8835	31
160	1000	19.2084	25.0931	106.042	130
161	1000	17.7778	20.0371	21.4056	71
162	1000	17.2527	15.7438	-126.659	104
163	1000	22.0336	18.9585	103.103	23
164	1000	9.79299	22.1865	47.0746	120
165	1000	14.2048	20.035	-92.0787	99
166	1000	33.5748	11.3674	10.4823	16
167	1000	18.7192	23.2453	166.466	331
168	1000	21.9714	25.5	52.9248	117
169	1000	8.1187	18.2528	-65.876	397
170	1000	30.5538	21.3963	-86.1931	14
171	1000	11.9797	17.4779	-145.072	176
172	1000	16.5202	24.7615	-42.5899	22
173	1000	31.5608	24.401	87.5295	29
174	1000	53.4737	7.19768	25.2084	28
175	1000	9.3159	24.683	1.21265	130
176	1000	27.4589	25.6383	156.177	27
177	1000	18.682	20.0009	136.026	48
178	1000	11.8204	8.47176	-131.495	162
179	1000	13.6518	10.1363	-134.609	29
180	1000	27.1632	6.01843	53.254	17
181	1000	19.7292	18.5105	-175.476	28
182	1000	58.51	8.90106	-20.3254	42
183	1000	29.8517	23.1068	20.2913	28
184	1000	12.3192	7.38578	-81.3308	236
185	1000	10.1572	10.7757	-152.677	147
186	1000	16.8345	18.9229	-48.8654	34
187	1000	28.7389	16.9732	108.931	19
188	1000	69.7514	13.0674	-55.9991	125
189	1000	25.614	22.8071	-169.667	163
190	1000	13.6027	19.648	-77.8122	57
191	1000	18.4987	14.9257	-171.608	48
192	1000	13.6479	20.6431	56.5624	34
193	1000	13.3244	15.8584	129.657	150
194	1000	15.6335	24.4991	31.4678	35
195	1000	14.5686	23.6249	-113.249	183
196	1000	44.1598	13.7038	-133.608	9
197	1000	21.9739	18.6953	-138.08	103
198	1000	43.1208	25.6219	132.016	30
199	1000	19.6338	17.7603	169.403	34
200	1000	15.7808	1.39078	2.45434	377
201	1000	29.4524	6.21289	-10.7491	81
202	1000	7.36228	24.3129	-170.558	211
203	1000	20.239	24.8465	25.6201	34
204	1000	17.3328	20.1453	97.1443	33
205	1000	35.6129	19.8282	-56.3421	17
206	1000	27.9227	9.5725	17.7249	15
207	1000	15.0916	20.7388	101.305	82
208	1000	13.2784	14.3682	117.173	172
209	1000	21.5949	8.6644	150.779	19
210	1000	13.6135	23.3792	-51.2218	44
211	1000	9.81581	2.75012	96.3228	481
212	1000	14.7751	23.5488	-118.719	52
213	1000	24.6721	17.2627	150.229	49
214	1000	16.029	21.2207	-179.139	52
215	1000	22.5723	15.1451	170.202	31
216	1000	23.6551	12.086	23.3865	16
217	1000	22.3462	8.07801	67.0984	34
218	1000	25.2612	20.0759	-28.4307	372
219	1000	31.3516	20.0957	-80.504	17
220	1000	20.3686	10.4615	-118.031	56
221	1000	25.2763	13.8988	37.1967	25
222	1000	25.7928	19.3886	98.7073	27
223	1000	20.329	18.8746	39.2118	47
224	1000	11.3452	25.595	144.311	50
225	1000	12.8416	11.5845	-32.0845	150
226	1000	13.056	17.9103	163.941	89
227	1000	17.1098	18.6173	72.176	35
228	1000	17.4891	6.23762	112.256	37
229	1000	15.3242	12.3558	107.111	40
230	1000	16.0465	21.2865	176.806	69
231	1000	17.3818	11.0361	159.325	39
232	1000	16.8519	23.1126	143.492	30
233	1000	20.5379	14.7149	2.66905	75
234	1000	23.8332	6.34128	-68.3673	32
235	1000	19.1524	15.4292	63.1832	36
236	1000	23.9597	25.3838	134.439	53
237	1000	12.5159	5.39354	77.3436	182
238	1000	22.6266	3.62259	42.737	50
239	1000	27.6776	24.0828	-45.053	43
240	1000	21.1224	20.7486	8.99491	33
241	1000	24.281	24.9991	-49.7781	17
242	1000	18.5657	24.5273	-4.86643	44
243	1000	17.7593	12.8823	-116.411	34
244	1000	27.471	16.666	-41.8611	8
245	1000	24.5376	10.1513	-126.529	95
246	1000	30.5618	24.7659	60.8777	24
247	1000	22.4758	14.4508	50.3184	53
248	1000	19.6204	9.03422	-6.26608	24
249	1000	12.2703	21.6908	-5.7418	75
250	1000	25.0073	15.486	91.9898	60
251	1000	24.397	13.7274	72.4799	50
252	1000	13.3317	18.4366	-58.5344	73
253	1000	12.1689	21.3875	142.328	154
254	1000	25.4161	16.8012	126.076	44
255	1000	16.4734	11.6604	-7.18407	43
256	1000	34.8421	12.6037	-141.126	55
257	1000	19.1519	23.1867	-104.909	18
258	1000	19.091	14.6701	58.4799	21
259	1000	14.8493	22.2216	122.98	31
260	1000	14.9829	22.444	15.3221	139
261	1000	12.599	12.969	-123.93	48
262	1000	10.9757	14.5405	49.5356	211
263	1000	15.556	14.3765	-135.838	30
264	1000	41.7987	21.0854	34.4064	32
265	1000	14.5538	18.1558	173.02	42
266	1000	24.0936	9.58756	98.7591	57
267	1000	15.3441	14.5187	110.672	47
268	1000	18.7949	12.1844	-106.843	640
269	1000	28.1681	24.4854	53.5138	16
270	1000	24.3871	22.545	-54.4504	37
271	1000	20.1497	9.82711	100.743	38
272	1000	15.0965	23.2985	159.421	72
273	1000	11.9263	24.9272	-14.9555	307
274	1000	29.8131	14.0863	-33.8804	40
275	1000	16.1663	22.7016	-92.1961	93
276	1000	26.9763	21.7585	-58.0524	55
277	1000	30.315	13.1035	63.9795	79
278	1000	27.9588	16.4668	-3.6163	13
279	1000	16.5559	23.2328	-10.0158	66
280	1000	27.3432	21.9373	-23.2111	56
281	1000	14.4073	18.7959	-147.921	47
282	1000	22.9135	9.4269	0.679298	25
283	1000	30.1124	19.4265	130.792	20
284	1000	27.6865	23.1535	135.593	6
285	1000	30.1335	25.7238	7.88243	33
286	1000	11.9364	25.1626	-174.144	208
287	1000	22.8909	6.95845	-110.647	46
288	1000	34.9018	14.7438	-68.6336	18
289	1000	15.5562	14.0106	-164.005	57
290	1000	19.023	19.5419	36.1773	21
291	1000	15.5592	18.1417	31.3355	63
292	1000	24.9336	21.0694	-103.038	24
293	1000	22.2159	14.2012	59.6493	43
294	1000	11.6472	4.32375	80.5035	83
295	1000	8.18903	9.02895	2.78975	337
296	1000	23.6329	25.6458	44.5442	18
297	1000	16.1195	21.8912	83.2874	45
298	1000	16.071	3.94046	-171.081	68
299	1000	20.7741	20.5991	-15.0356	34
300	1000	28.9243	3.44309	-49.2228	43
301	1000	22.1333	21.6079	-44.1638	29
302	1000	15.4328	25.3858	111.381	35
303	1000	28.5454	6.87482	71.1078	23
304	1000	30.7904	17.3291	150.087	11
305	1000	17.4592	18.6615	96.1962	35
306	1000	20.9702	3.30762	-137.846	27
307	1000	19.1721	23.9988	-16.5125	23
308	1000	23.0027	2.7882	-84.9765	21
309	1000	15.3042	23.4197	-102.76	127
310	1000	15.549	23.931	-120.958	37
311	1000	7.63882	18.0676	-145.661	482
312	1000	29.9592	17.1527	97.7413	42
313	1000	25.8749	21.3362	164.687	35
314	1000	24.4986	25.7973	5.40428	41
315	1000	16.1538	7.0309	-52.8328	53
316	1000	35.7882	22.1959	-88.2461	12
317	1000	25.3357	22.8178	14.2956	19
318	1000	43.9443	22.0689	-18.4438	30
319	1000	9.49881	9.23026	59.9313	187
320	1000	20.528	13.6994	-45.5095	137
321	1000	9.71539	16.7021	-132.2	97
322	1000	26.0189	6.9969	95.9824	62
323	1000	18.7896	15.7917	51.2742	56
324	1000	27.7617	23.0688	49.2009	31
325	1000	17.2376	24.9856	-149.795	39
326	1000	18.7538	17.1319	75.3721	115
327	1000	28.7789	10.6202	74.6549	20
328	1000	7.25585	17.3152	35.2863	507
329	1000	24.0253	18.9261	140.99	29
330	1000	17.98	16.8723	165.455	34
331	1000	43.9765	17.2162	-36.7811	11
332	1000	24.1707	17.8729	137.098	34
333	1000	18.7858	19.563	139.066	25
334	1000	18.858	11.2108	71.4534	17
335	1000	10.7799	23.7396	70.9869	94
336	1000	19.9884	21.4047	-19.0128	543
337	1000	23.9292	25.1483	-48.233	31
338	1000	13.821	6.63873	48.7522	53
339	1000	25.1493	22.1811	9.04545	68
340	1000	10.6425	20.3357	-130.312	50
341	1000	42.7985	20.9053	179.271	62
342	1000	24.5946	23.3482	-135.953	17
343	1000	12.7577	18.9553	-38.613	26
344	1000	11.3666	15.7051	176.013	117
345	1000	44.4914	15.8709	-75.9433	39
346	1000	15.1562	25.1585	-131.232	363
347	1000	19.6585	9.35399	179.768	58
348	1000	22.5752	20.7046	-60.9093	358
349	1000	23.4769	24.1203	144.682	49
350	1000	14.867	15.4792	105.395	40
351	1000	19.9837	22.4775	-171.698	119
352	1000	22.0008	23.5946	-32.1288	140
353	1000	18.1143	21.9667	-91.7545	38
354	1000	16.4775	22.5234	-110.233	30
355	1000	27.2784	23.9375	-107.876	39
356	1000	21.7526	14.5521	-78.6142	42
357	1000	18.0647	22.1878	-46.5989	43
358	1000	14.1326	24.7499	18.4947	33
359	1000	16.5789	5.29726	137.383	52
360	1000	35.3407	18.4333	7.71076	16
361	1000	27.9602	23.9146	-146.011	18
362	1000	34.7346	14.5487	-143.52	13
363	1000	46.5356	6.17454	-90.4665	59
364	1000	22.8619	22.6926	-97.4342	29
365	1000	18.2721	16.6609	-102.792	337
366	1000	28.0968	12.6864	-110.636	179
367	1000	19.8623	15.442	-8.5755	32
368	1000	22.0332	24.5399	166.12	26
369	1000	16.7567	15.343	62.2756	40
370	1000	24.4399	4.9622	-168.314	55
371	1000	16.9321	22.2841	-123.098	40
372	1000	14.9204	25.7625	48.4085	56
373	1000	12.3924	12.8824	86.5065	137
374	1000	27.1272	18.172	-127.056	19
375	1000	17.8617	12.5003	-141.986	52
376	1000	27.1141	13.5236	-176.227	45
377	1000	18.9858	16.3231	139.117	78
378	1000	38.8473	19.8338	111.62	85
379	1000	22.6374	22.9628	-111.649	19
380	1000	29.1234	7.44791	88.3003	23
381	1000	22.7059	6.43845	-65.1466	43
382	1000	16.3351	23.0763	138.379	58
383	1000	21.5667	12.3141	-152.431	43
384	1000	20.9843	22.2219	137.304	107
385	1000	31.5423	3.72055	26.9505	31
386	1000	21.2229	13.271	137.58	25
387	1000	12.5065	20.1909	-143.77	63
388	1000	10.4558	20.9463	-49.9718	122
389	1000	19.1101	22.68	-0.508788	49
390	1000	21.8811	20.0948	33.7602	28
391	1000	13.7622	10.3331	102.901	35
392	1000	6.20628	13.6491	36.7759	315
393	1000	29.5957	6.32375	56.8982	354
394	1000	17.3441	15.5478	109.861	23
395	1000	13.0037	16.9418	172.377	108
396	1000	32.9423	14.6152	-27.1756	93
397	1000	19.2625	14.235	48.7041	34
398	1000	25.9748	18.888	-136.474	14
399	1000	22.718	9.2391	-70.3221	30
400	1000	21.0419	18.1915	6.93727	275
401	1000	18.5853	24.2917	-21.7277	52
402	1000	12.3878	24.5184	-14.2496	90
403	1000	23.6405	9.7193	-148.638	40
404	1000	19.8406	18.3321	-0.0142453	132
405	1000	33.3604	14.2794	116.929	15
406	1000	20.7519	24.8722	89.512	39
407	1000	20.2437	23.2885	127.551	33
408	1000	15.273	25.4952	164.902	39
409	1000	20.237	19.9167	-89.9285	86
410	1000	24.4157	24.6843	-15.7955	7
411	1000	28.7076	23.6652	26.3025	22
412	1000	19.8844	23.801	-46.4522	27
413	1000	16.3059	23.8094	62.026	106
414	1000	17.122	15.1369	-150.807	22
415	1000	26.9301	13.2321	-126.447	19
416	1000	12.093	4.39686	161.161	200
417	1000	24.9358	23.2569	26.8747	40
418	1000	15.6765	16.8038	-151.484	68
419	1000	22.4603	21.0368	-105.901	61
420	1000	16.5427	24.082	38.068	394
421	1000	29.333	23.0739	-154.583	24
422	1000	33.5934	20.4538	4.75536	45
423	1000	23.3518	16.7641	-18.6558	35
424	1000	17.018	15.2435	133.687	44
425	1000	13.2406	6.2465	159.216	118
426	1000	22.7479	12.3474	-2.95443	30
427	1000	18.8789	19.3714	39.8888	43
428	1000	30.979	10.5188	-155.846	23
429	1000	21.3386	18.4242	-91.8387	36
430	1000	17.5927	20.0495	-61.409	87
431	1000	15.5388	7.03819	-78.1448	46
432	1000	17.667	25.3547	123.435	69
433	1000	25.0359	20.8725	-102.075	35
434	1000	11.7932	7.09964	156.9	169
435	1000	39.1211	24.0977	-46.2082	10
436	1000	30.7857	18.6378	36.8226	19
437	1000	26.9581	24.676	-42.0609	26
438	1000	28.0096	22.2665	18.537	74
439	1000	32.5229	10.9162	134.181	34
440	1000	16.2535	14.19	125.899	38
441	1000	21.1247	16.8147	97.7506	50
442	1000	16.8239	23.4562	-70.4536	24
443	1000	10.1665	24.076	178.568	150
444	1000	14.3478	19.3463	-30.417	65
445	1000	17.8188	19.7835	-126.603	40
446	1000	16.9983	6.92486	39.5857	61
447	1000	18.6988	22.1977	106.106	64
448	1000	28.0937	15.8166	140.87	111
449	1000	18.8733	16.0568	18.4263	50
450	1000	16.4438	24.1169	95.8642	26
451	1000	20.5513	20.9153	1.04088	83
452	1000	21.8353	20.0981	-156.226	22
453	1000	19.9039	12.0397	139.349	71
454	1000	13.8971	15.6138	-96.7139	324
455	1000	19.4343	23.6119	67.2627	21
456	1000	19.4465	18.0565	-146.994	41
457	1000	34.4918	25.1153	14.1496	24
458	1000	24.0846	15.8133	113.706	20
459	1000	20.9541	21.6934	-78.5364	21
460	1000	10.6633	15.4906	-160.082	117
461	1000	17.5468	23.801	93.7541	126
462	1000	19.6964	6.58547	62.6264	36
463	1000	22.5625	11.9935	-93.2881	24
464	1000	16.514	6.4947	141.122	110
465	1000	22.9344	3.12783	156.449	76
466	1000	39.3283	15.4979	-130.975	8
467	1000	21.2334	25.6777	152.534	24
468	1000	16.6175	22.0076	119.374	77
469	1000	24.6421	9.3093	22.2474	16
470	1000	13.953	25.5449	-90.9085	64
471	1000	17.1263	23.6567	145.832	38
472	1000	14.8339	18.613	-178.284	63
473	1000	22.0455	20.675	176.917	29
474	1000	19.3266	18.8323	100.98	380
475	1000	24.0099	22.3934	-122.238	75
476	1000	20.6318	21.1135	-92.7919	34
477	1000	34.7431	20.6716	-71.6046	10
478	1000	22.0249	24.6988	107.233	18
479	1000	16.1713	16.5223	26.0998	31
480	1000	12.8383	19.65	115.008	35
481	1000	21.4568	7.15849	-22.9928	36
482	1000	16.9362	8.51086	-126.179	275
483	1000	16.0302	7.63394	51.1665	83
484	1000	29.8479	22.0274	139.903	27
485	1000	9.93515	23.234	-40.4384	74
486	1000	51.852	18.7507	170.362	49
487	1000	14.8071	10.8117	-80.5032	72
488	1000	48.5043	10.4453	-20.9044	16
489	1000	19.4962	13.919	-71.1043	55
490	1000	49.2772	11.5715	32.8908	13
491	1000	15.8181	17.5288	42.6304	312
492	1000	37.7744	23.7038	-98.337	21
493	1000	18.3483	19.2763	163.661	38
494	1000	20.873	14.5815	-48.3531	31
495	1000	14.9268	22.0186	-38.9217	44
496	1000	17.52	24.2806	47.6781	110
497	1000	16.059	23.604	-102.517	44
498	1000	26.0846	20.0166	-123.699	14
499	1000	33.6438	10.4512	30.2551	47
500	1000	17.6339	22.0885	-111.777	25
501	1000	31.3798	16.0589	-96.1421	20
502	1000	8.97316	9.72354	-128.775	217
503	1000	11.2678	19.9651	135.695	69
504	1000	13.9066	15.5068	-93.1855	32
505	1000	16.7718	12.6243	-163.712	42
506	1000	23.0381	7.67875	-97.4612	26
507	1000	10.6645	19.6506	-167.892	91
508	1000	58.2638	20.1142	-75.8541	6
509	1000	15.2246	10.7539	-119.192	342
510	1000	11.588	14.2234	117.941	121
511	1000	26.3119	20.1335	139.024	28
512	1000	21.3999	24.5389	25.6326	28
513	1000	11.6881	22.7838	19.3588	157
514	1000	30.1127	23.7336	93.7218	21
515	1000	20.1969	19.3115	-98.0997	42
516	1000	18.6669	6.53251	-97.0634	71
517	1000	22.389	17.7042	-138.702	39
518	1000	15.9533	22.6448	-155.237	33
519	1000	21.7456	24.1313	21.9116	53
520	1000	24.2703	25.6446	-126.835	33
521	1000	23.6777	24.3716	169.708	119
522	1000	21.5131	3.80691	121.898	41
523	1000	15.2369	4.73747	-97.553	61
524	1000	15.6529	9.92279	-170.373	45
525	1000	19.6891	20.7379	142.98	26
526	1000	16.0242	7.50823	85.3326	52
527	1000	13.6075	9.96606	-169.417	73
528	1000	17.9305	24.951	164.299	32
529	1000	17.7226	18.733	174.349	31
530	1000	18.6007	19.8449	144.6	63
531	1000	34.9447	12.3284	-16.2183	43
532	1000	22.2504	8.62233	80.5208	35
533	1000	34.0992	14.7822	100.372	30
534	1000	20.2955	22.9695	-8.83255	28
535	1000	12.5257	13.4281	51.599	49
536	1000	25.3795	17.7693	60.9785	44
537	1000	20.6188	20.0959	0.359435	42
538	1000	28.5155	17.2854	-157.923	54
539	1000	32.8882	13.3832	76.2191	33
540	1000	31.1398	17.4752	-106.622	25
541	1000	22.7192	20.421	-119.414	29
542	1000	25.3977	21.4991	-52.293	26
543	1000	26.0107	9.56483	-88.1177	39
544	1000	16.5128	21.1055	-171.506	57
545	1000	16.0197	6.28731	-167.559	36
546	1000	28.9733	17.3982	176.555	40
547	1000	20.7601	17.9524	-96.1431	51
548	1000	22.644	11.3507	-133.945	48
549	1000	11.8036	9.29744	-79.3537	65
550	1000	23.6095	8.02585	71.1031	19
551	1000	17.7796	24.4155	-45.2001	46
552	1000	24.0912	5.36267	128.71	53
553	1000	26.5163	23.0646	-11.2983	20
554	1000	16.1727	11.4681	119.827	102
555	1000	26.6825	18.2432	150.933	29
556	1000	23.6995	19.4159	10.6818	19
557	1000	23.2647	16.0269	-118.772	130
558	1000	14.7892	12.961	170.943	105
559	1000	23.0675	25.6668	-165.148	38
560	1000	22.0154	7.04303	155.424	28
561	1000	16.0631	20.7348	-52.1247	31
562	1000	16.0164	14.728	-128.193	41
563	1000	17.4371	5.91707	-14.3755	36
564	1000	17.3407	24.0352	-7.67827	10
565	1000	39.9577	21.9975	-57.5381	21
566	1000	14.0961	25.6543	-130.131	41
567	1000	59.556	13.0244	140.72	15
568	1000	18.862	16.935	-109.658	112
569	1000	23.2254	25.4552	-154.343	30
570	1000	19.8459	21.171	-175.293	43
571	1000	9.67137	2.92579	-86.2927	307
572	1000	20.0915	24.7699	64.63	53
573	1000	47.1533	14.7668	12.2308	31
574	1000	12.4683	17.6345	-145.338	116
575	1000	18.5493	4.57857	-49.2692	36
576	1000	19.0073	19.0628	-73.4026	34
577	1000	17.2256	21.4926	70.9995	42
578	1000	10.6145	17.3519	123.279	68
579	1000	12.8534	12.5345	112.136	106
580	1000	16.1862	16.2255	-131.584	54
581	1000	20.615	15.0886	10.6405	102
582	1000	37.3193	24.0402	-28.1426	17
583	1000	14.469	16.7446	142.029	212
584	1000	21.2178	12.3066	23.725	35
585	1000	15.6942	1.90135	73.928	70
586	1000	16.3918	15.7436	153.259	48
587	1000	20.824	21.7906	105.136	30
588	1000	17.3829	16.3256	84.1348	104
589	1000	17.6002	20.391	-64.6869	49
590	1000	9.63199	22.2373	-52.8006	231
591	1000	42.3744	16.6799	111.118	54
592	1000	13.5815	17.3629	32.5953	124
593	1000	37.6822	4.36051	-85.7122	49
594	1000	29.0355	20.0638	63.878	16
595	1000	14.9492	23.6155	149.569	29
596	1000	18.4252	17.7962	-77.4854	173
597	1000	18.5978	12.6911	37.4495	20
598	1000	19.8853	25.6496	-12.0675	235
599	1000	25.0161	24.6568	66.0152	33
600	1000	18.827	18.6659	96.6855	20
601	1000	12.6366	18.4211	99.0908	56
602	1000	13.1591	24.2083	-106.308	48
603	1000	8.61592	16.4549	2.2879	221
604	1000	16.4082	16.3217	177.592	87
605	1000	14.285	24.4747	-119.011	371
606	1000	24.0915	17.7005	10.2793	19
607	1000	16.3647	18.0133	-15.6403	55
608	1000	19.4352	11.4594	128.887	154
609	1000	9.42839	13.9198	2.16998	198
610	1000	21.0753	19.1301	-151.315	439
611	1000	18.3094	22.8882	78.2474	41
612	1000	23.9026	19.7721	149.204	28
613	1000	33.0424	14.5201	34.1457	15
614	1000	17.429	25.0861	-47.474	33
615	1000	20.907	16.0013	128.277	97
616	1000	23.2788	1.76824	-143.388	97
617	1000	26.7819	24.6627	120.177	56
618	1000	21.1621	9.84509	105.564	106
619	1000	25.4845	14.3146	156.843	88
620	1000	12.3415	18.0276	63.7536	64
621	1000	17.2806	17.1768	-123.229	44
622	1000	34.9069	25.7329	135.763	17
623	1000	13.1531	24.1575	-3.00338	41
624	1000	15.5102	24.6343	65.3136	74
625	1000	17.2555	7.35426	118.295	96
626	1000	20.1303	16.3097	-109.543	40
627	1000	15.959	18.2367	-39.5818	37
628	1000	16.1908	15.6812	-20.2634	88
629	1000	19.6508	20.8606	-172.834	37
630	1000	23.2224	18.5709	54.8212	38
631	1000	20.6737	9.18469	-25.5371	39
632	1000	14.0352	25.4439	-59.7932	84
633	1000	16.7525	7.1774	-145.582	52
634	1000	23.9866	8.24564	121.1	20
635	1000	18.3927	21.9448	162.799	128
636	1000	19.9818	15.2756	-145.708	155
637	1000	19.1355	19.7344	60.4989	84
638	1000	24.656	23.6957	-100.594	23
639	1000	10.2081	24.0372	154.788	111
640	1000	11.6683	10.354	-148.898	70
641	1000	25.1996	20.2279	83.6115	23
642	1000	20.4523	15.887	-75.945	27
643	1000	28.131	17.5392	114.153	511
644	1000	14.3387	12.7226	-162.65	36
645	1000	17.7337	22.1739	15.724	35
646	1000	25.463	15.0159	5.28845	15
647	1000	28.8071	19.332	-161.016	14
648	1000	14.5875	24.5462	99.6087	47
649	1000	21.409	7.73651	90.4205	49
650	1000	14.3544	22.4329	154.168	92
651	1000	10.4102	10.138	11.9917	672
652	1000	16.7858	22.4102	-60.7581	41
653	1000	28.1899	9.20035	135.046	33
654	1000	20.3351	20.5224	-63.0714	34
655	1000	27.654	18.0743	-10.4202	16
656	1000	24.6446	13.0323	47.4026	48
657	1000	23.9831	23.5282	67.784	22
658	1000	22.6983	9.88173	125.267	53
659	1000	18.273	18.7774	-127.922	20
660	1000	34.5292	25.0785	-156.507	24
661	1000	27.1705	7.22943	-31.8645	42
662	1000	18.4631	12.456	123.542	307
663	1000	19.7544	22.5855	-92.552	22
664	1000	22.0633	13.9458	-1.15354	48
665	1000	18.8775	20.9215	115.306	44
666	1000	20.5343	15.2752	-26.2821	93
667	1000	23.9985	19.9314	128.699	80
668	1000	25.5715	21.1283	-64.1624	30
669	1000	29.1915	21.8888	42.6667	33
670	1000	21.8627	16.2718	79.58	28
671	1000	29.0552	4.94016	-85.3805	30
672	1000	13.966	19.8302	-136.222	43
673	1000	43.5358	20.7215	0.624158	80
674	1000	26.8824	11.6681	-5.61619	83
675	1000	46.3005	6.69097	112.674	60
676	1000	35.961	21.81	-2.35611	79
677	1000	10.4138	22.2527	119.701	103
678	1000	28.175	22.3842	-8.74397	33
679	1000	13.767	9.59531	-100.919	76
680	1000	9.36726	22.0797	-163.663	214
681	1000	13.4059	25.5051	-75.1912	161
682	1000	11.4125	6.36203	-64.6098	117
683	1000	15.5216	11.033	97.6343	66
684	1000	22.8662	18.562	123.88	31
685	1000	25.8259	22.8422	-23.0082	22
686	1000	16.9792	21.76	50.0799	74
687	1000	19.5833	22.1934	123.586	30
688	1000	21.7173	14.9678	-166.307	150
689	1000	16.4176	13.783	-112.048	50
690	1000	21.6327	16.2598	-158.258	517
691	1000	26.6349	13.6353	119.573	33
692	1000	14.673	5.7417	172.142	100
693	1000	37.638	25.1129	-162.893	19
694	1000	26.6608	20.3301	94.3398	25
695	1000	50.1364	21.2854	58.2389	21
696	1000	24.1964	12.7846	-9.4493	28
697	1000	21.9895	18.7139	-175.543	14
698	1000	16.7961	15.6042	-58.2467	18
699	1000	13.7376	24.0225	107.569	76
700	1000	17.0749	23.3099	-52.5516	29
701	1000	31.6571	19.4998	144.407	37
702	1000	17.5216	7.0067	-74.8139	110
703	1000	37.141	22.7492	154.199	56
704	1000	16.1668	24.8379	-168.315	37
705	1000	11.6263	16.8342	-135.433	53
706	1000	26.5252	8.62117	76.364	31
707	1000	11.0461	13.5979	-176.84	223
708	1000	7.53042	19.4214	-130.578	570
709	1000	19.0212	15.6764	-137.973	175
710	1000	35	20.513	129.724	21
711	1000	19.7706	2.93119	89.7688	214
712	1000	12.7681	14.8901	-84.7172	334
713	1000	9.90704	3.18299	177.258	142
714	1000	27.982	21.7915	100.064	36
715	1000	37.2237	7.08074	-138.66	13
716	1000	23.7419	23.8555	-117.027	57
717	1000	33.9533	20.7719	151.666	50
718	1000	17.763	24.7326	109.317	25
719	1000	25.6195	5.82722	-136.971	30
720	1000	14.9817	24.0496	-102.228	27
721	1000	21.1475	18.2361	-151.857	37
722	1000	22.9368	6.84021	141.23	33
723	1000	22.8907	19.417	146.183	19
724	1000	25.7511	3.564	99.8476	25
725	1000	30.0226	18.3559	-172.646	139
726	1000	18.4621	6.85964	57.5878	59
727	1000	34.8068	22.0804	137.683	44
728	1000	25.7859	14.281	172.179	30
729	1000	22.9458	24.5817	-42.7611	34
730	1000	14.4949	19.9437	29.0512	49
731	1000	18.9324	17.4106	142.047	66
732	1000	21.0582	18.8305	-147.849	59
733	1000	12.3969	13.0132	-69.8275	92
734	1000	15.4068	24.9229	-26.8879	30
735	1000	19.6866	18.4097	56.1625	28
736	1000	10.7304	8.45064	46.9332	494
737	1000	15.2965	13.1291	-142.26	74
738	1000	35.6432	14.4186	-104.884	28
739	1000	14.1292	21.7783	-27.6608	45
740	1000	29.8013	19.5658	130.401	10
741	1000	24.7119	3.69327	-36.7032	23
742	1000	30.3831	21.3738	23.3613	31
743	1000	12.633	20.083	-29.2841	45
744	1000	47.256	18.0882	-45.3943	64
745	1000	23.3419	22.3477	37.9787	21
746	1000	19.0325	9.64551	-90.5662	39
747	1000	16.564	21.2252	-35.62	42
748	1000	25.1147	15.5578	175.73	148
749	1000	26.2483	11.2961	69.2646	40
750	1000	20.3384	20.6814	26.3245	72
751	1000	18.2865	12.7845	172.105	104
752	1000	13.7277	21.7583	93.8426	67
753	1000	19.5776	19.0319	64.3403	36
754	1000	54.4141	23.9843	76.2122	17
755	1000	20.5218	24.7725	160.885	267
756	1000	62.364	13.9865	-127.733	14
757	1000	15.1725	16.056	-131.51	75
758	1000	46.4476	4.61693	128.135	105
759	1000	22.7005	4.35707	18.2139	128
760	1000	13.7477	1.0928	6.09775	77
761	1000	15.7509	19.4946	136.624	80
762	1000	26.0247	22.2551	-123.315	13
763	1000	21.3046	17.519	-29.0385	35
764	1000	12.9416	19.2814	44.7211	35
765	1000	26.9443	9.60514	-27.2971	19
766	1000	30.6414	14.0849	-10.7134	28
767	1000	22.9316	8.80352	-107.042	61
768	1000	30.0932	12.8109	-130.775	41
769	1000	19.0759	21.1689	-137.356	122
770	1000	19.1541	12.3003	-65.8296	36
771	1000	16.6316	11.9898	102.647	245
772	1000	12.6128	25.405	-48.3651	128
773	1000	13.225	6.44824	2.89811	93
774	1000	10.246	19.1522	1.17096	217
775	1000	22.271	4.88595	-82.1636	88
776	1000	14.1061	5.23997	87.9808	97
777	1000	19.8245	25.6176	-108.214	20
778	1000	11.8976	16.398	22.7486	251
779	1000	27.9101	16.3161	-61.1512	92
780	1000	20.3083	24.2838	127.046	200
781	1000	22.7539	16.6573	-77.675	45
782	1000	9.16253	11.9207	135.743	98
783	1000	11.7894	10.1186	36.2837	64
784	1000	13.1924	16.5755	-145.278	35
785	1000	31.3744	10.3028	113.788	31
786	1000	14.0256	16.6239	-35.6995	50
787	1000	29.534	22.4764	175.046	126
788	1000	14.4162	7.67764	-88.8617	58
789	1000	26.7228	17.599	-157.217	27
790	1000	13.5156	20.246	-131.722	61
791	1000	23.3502	23.638	-42.1786	81
792	1000	42.6017	2.40213	70.782	35
793	1000	17.5645	22.663	-123.406	23
794	1000	16.5911	11.9171	111.061	103
795	1000	15.0803	4.15005	25.1013	95
796	1000	26.8673	13.9276	146.401	23
797	1000	16.5059	24.7098	36.5306	46
798	1000	20.5653	21.6623	177.95	21
799	1000	27.396	19.1405	133.84	27
800	1000	21.0815	24.8293	-36.5045	57
801	1000	16.3404	12.1232	-132.556	166
802	1000	11.6618	18.8394	139.932	60
803	1000	18.6282	12.3142	-19.5363	37
804	1000	15.3959	13.4261	83.2212	33
805	1000	24.2038	21.3839	147.362	21
806	1000	17.5614	25.174	162.824	121
807	1000	18.6369	12.8483	84.7246	35
808	1000	24.1738	10.3144	-153.157	21
809	1000	18.0504	13.4072	178.018	77
810	1000	29.9063	12.2533	-119.178	59
811	1000	20.4861	8.16179	-105.126	48
812	1000	20.4549	12.3023	114.994	45
813	1000	23.3742	13.202	-156.041	77
814	1000	11.038	11.1392	175.735	79
815	1000	34.9756	23.0739	-146.882	18
816	1000	18.7642	21.5664	139.349	25
817	1000	16.4914	16.352	-19.0426	29
818	1000	20.5875	4.89986	-6.53869	43
819	1000	22.3391	10.2704	-175.89	35
820	1000	16.8168	17.4441	56.7769	66
821	1000	26.4617	8.76602	-159.872	45
822	1000	34.4827	23.7428	106.634	31
823	1000	19.1761	20.5564	-82.6294	17
824	1000	13.8743	25.5164	70.441	33
825	1000	32.2839	24.9851	-123.314	60
826	1000	25.2926	20.1879	41.1356	23
827	1000	25.2445	7.64656	46.7932	32
828	1000	9.46971	4.28573	113.292	423
829	1000	18.8069	18.2435	-121.357	59
830	1000	27.2074	9.86762	-129.331	22
831	1000	15.8267	22.6159	152.648	54
832	1000	36.1639	23.168	-71.0653	26
833	1000	24.247	11.1096	-19.5849	48
834	1000	17.4586	24.1092	148.766	64
835	1000	19.8491	14.1633	128.01	29
836	1000	26.5813	17.1757	-168.718	75
837	1000	18.3567	17.6961	107.286	38
838	1000	18.5362	16.0064	111.724	35
839	1000	18.3508	9.1683	55.2555	28
840	1000	24.6619	25.4059	-52.1916	17
841	1000	30.1549	5.33333	-24.6081	20
842	1000	33.936	11.8173	-97.0673	48
843	1000	26.0411	17.5158	117.869	9
844	1000	17.9757	17.3694	-39.8717	72
845	1000	11.7066	12.3864	83.4529	118
846	1000	21.0695	18.2747	156.426	20
847	1000	7.07908	11.9015	118.848	456
848	1000	28.9659	17.6409	-114.353	28
849	1000	22.0781	18.3496	-22.3571	25
850	1000	22.1636	18.268	98.2515	41
851	1000	15.0487	3.57692	-46.7808	47
852	1000	20.6256	14.8915	11.9917	46
853	1000	35.8624	10.3998	120.564	36
854	1000	30.2052	9.04946	-104.896	22
855	1000	13.8017	20.8644	-147.769	576
856	1000	9.68382	15.9734	-4.19535	279
857	1000	34.4568	16.0966	36.3998	24
858	1000	22.2918	7.31884	-124.788	112
859	1000	25.4153	22.5883	25.8445	28
860	1000	20.5882	20.9478	98.8614	28
861	1000	11.042	7.56264	83.1229	133
862	1000	16.3449	23.8446	-7.84836	64
863	1000	9.93004	17.4727	120.471	114
864	1000	10.4093	10.6445	62.7176	72
865	1000	22.1605	13.5868	25.2274	31
866	1000	28.6362	16.0555	-29.0727	35
867	1000	7.14561	17.1667	-7.96129	896
868	1000	15.2949	25.0975	128.273	43
869	1000	26.8045	18.9329	3.0956	45
870	1000	8.58843	20.6564	116.602	199
871	1000	14.453	16.5094	44.3838	68
872	1000	24.67	18.6521	-12.4337	25
873	1000	15.5053	5.80469	-30.0165	42
874	1000	25.2762	9.41819	-104.745	39
875	1000	24.0515	16.7097	-38.8201	54
876	1000	22.1169	14.8356	-5.49997	203
877	1000	13.9546	10.2807	-178.092	99
878	1000	25.1708	22.5452	-42.5789	45
879	1000	12.5581	14.9292	60.8136	62
880	1000	19.3431	13.4966	-9.32189	37
881	1000	16.4397	18.3587	-63.6217	42
882	1000	13.2106	18.2526	-170.627	76
883	1000	8.75098	16.82	-154.465	187
884	1000	30.2235	5.63858	-50.4264	27
885	1000	55.9812	22.5535	173.411	18
886	1000	20.5509	23.8929	120.122	21
887	1000	25.9481	19.1102	-152.269	31
888	1000	19.8588	11.4367	133.152	17
889	1000	13.3407	24.4696	38.309	46
890	1000	16.6013	15.4396	53.0236	43
891	1000	14.5874	19.205	-99.8698	79
892	1000	14.1497	8.61865	-119.253	82
893	1000	22.144	18.3209	107.682	22
894	1000	18.285	14.3714	-36.896	21
895	1000	11.3302	17.7742	-171.423	61
896	1000	14.5937	20.3733	-159.873	50
897	1000	15.0281	21.2497	133.423	52
898	1000	16.7215	15.9093	93.3695	77
899	1000	14.4334	22.678	-145.375	61
900	1000	29.1771	7.89318	-28.3879	38
901	1000	27.799	22.6731	58.142	16
902	1000	33.3379	10.6668	58.292	16
903	1000	46.4791	23.2896	179.238	28
904	1000	24.7229	17.1505	34.8561	40
905	1000	12.1018	24.731	115.613	37
906	1000	10.1834	16.8433	-166.257	482
907	1000	22.814	22.815	-171.975	56
908	1000	10.1003	19.8904	105.152	88
909	1000	16.7677	21.9905	-90.7662	87
910	1000	9.43941	11.2335	-146.973	352
911	1000	23.504	21.508	164.793	52
912	1000	13.9366	16.2591	-83.8674	106
913	1000	14.5092	15.4573	83.9295	28
914	1000	19.5094	14.3512	72.5974	41
915	1000	33.2065	13.9746	6.29592	20
916	1000	15.3752	19.3921	47.3476	41
917	1000	17.4917	17.2493	-138.552	187
918	1000	32.5223	14.4966	149.74	18
919	1000	28.9459	23.5695	-155.79	10
920	1000	27.4635	20.3454	31.9718	27
921	1000	31.3075	9.87677	38.9485	39
922	1000	20.3294	19.1255	110.107	19
923	1000	29.9572	23.9274	23.6677	42
924	1000	18.0993	23.1211	-179.486	24
925	1000	18.9878	17.0967	-128.979	52
926	1000	13.8571	9.55788	-33.5483	44
927	1000	36.6094	12.4409	-107.346	18
928	1000	32.0978	9.12302	41.8837	168
929	1000	21.163	22.8273	106.028	27
930	1000	17.4834	19.2786	117.855	42
931	1000	32.1825	17.1321	-10.0325	16
932	1000	25.7819	14.2252	-23.8784	21
933	1000	20.3226	8.10255	-10.8832	79
934	1000	25.1794	6.17436	7.72493	37
935	1000	25.4759	22.3482	-66.7168	95
936	1000	18.2253	18.5001	43.7888	58
937	1000	20.8413	25.7166	69.6155	25
938	1000	23.5482	16.7343	141.064	21
939	1000	13.1114	16.6113	167.756	54
940	1000	14.4086	11.4624	87.6509	81
941	1000	10.7886	16.3139	-139.347	69
942	1000	20.3943	20.161	30.991	63
943	1000	18.0149	19.1613	6.09784	68
944	1000	19.1686	11.2383	142.349	158
945	1000	15.3854	16.8406	116.209	39
946	1000	23.7194	14.7378	-92.0131	17
947	1000	33.5066	9.85108	120.564	124
948	1000	16.7519	11.8331	14.8101	35
949	1000	13.0591	7.87356	-101.916	40
950	1000	13.4177	25.4373	-31.5692	51
951	1000	29.8487	22.9051	-42.9354	21
952	1000	28.1247	18.3873	0.833872	28
953	1000	24.4465	23.0225	149.337	24
954	1000	32.0974	24.3829	74.2893	44
955	1000	34.8523	24.5712	-170.355	23
956	1000	12.0935	10.5006	38.5659	87
957	1000	21.9264	24.5829	60.9463	72
958	1000	16.9797	24.6958	-105.125	21
959	1000	25.5947	19.7434	105.409	44
960	1000	5.45602	23.1391	130.117	537
961	1000	13.0772	6.71736	-81.9499	128
962	1000	12.743	16.2922	20.3733	80
963	1000	14.0698	18.8142	-45.7316	68
964	1000	24.0163	14.9728	28.844	34
965	1000	19.566	22.0584	-63.8223	39
966	1000	15.9	11.6635	62.5317	716
967	1000	20.4612	25.7716	-90.9984	66
968	1000	33.4736	15.3436	-83.0526	65
969	1000	20.6448	13.6856	-132.598	35
970	1000	9.0352	11.8456	-34.2908	171
971	1000	17.7175	25.6633	33.1525	36
972	1000	34.3825	23.1741	-48.1762	58
973	1000	20.2504	21.156	62.8977	20
974	1000	33.2772	18.4859	-143.002	24
975	1000	20.9237	16.9851	-41.9464	295
976	1000	22.1225	21.6739	-140.474	35
977	1000	18.319	4.66226	8.955	57
978	1000	11.5975	16.777	-115.074	61
979	1000	32.0593	12.5064	79.7454	21
980	1000	21.8796	10.9929	-27.3756	538
981	1000	22.1813	2.40242	64.7142	23
982	1000	24.8734	25.2713	153.456	15
983	1000	15.0144	18.3243	-76.4424	94
984	1000	9.7415	10.2708	135.496	153
985	1000	14.6431	7.84409	72.6412	55
986	1000	20.6814	25.7074	-136.874	22
987	1000	20.6215	10.3054	-43.3987	53
988	1000	19.1179	2.22471	106.624	56
989	1000	23.4489	22.8802	-65.462	57
990	1000	15.2749	15.1198	-86.7115	66
991	1000	17.3369	17.2586	-56.774	20
992	1000	16.0312	24.9567	-111.935	33
993	1000	12.1987	20.3981	-0.429877	43
994	1000	37.6784	18.4435	106.376	32
995	1000	27.2108	21.8617	-17.9002	23
996	1000	34.1608	11.0553	-12.9187	19
997	1000	59.577	22.6296	27.1839	9
998	1000	11.4008	12.7143	174.389	62
999	1000	17.5343	25.3468	-81.5946	44
1000	1000	21.0388	18.428	-161.183	27
