Shower	Energy	Zfirst	Theta	Phi	Particles
1	1000	2.18589e+06	0.365347	3.06098	240
2	1000	2.16378e+06	0.33221	-0.162305	51
3	1000	2.29038e+06	0.289072	2.86695	246
4	1000	1.34947e+06	0.362196	2.71631	32
5	1000	1.99795e+06	0.147476	0.840323	49
6	1000	1.29938e+06	0.312999	-1.17066	120
7	1000	1.91748e+06	0.437976	0.84703	35
8	1000	1.85189e+06	0.418241	1.4238	45
9	1000	978908	0.0330125	-0.156632	157
10	1000	3.38135e+06	0.228485	-0.140644	104
11	1000	872218	0.231354	-2.42115	293
12	1000	1.59065e+06	0.400431	2.95069	51
13	1000	1.47545e+06	0.102696	0.524102	103
14	1000	1.77073e+06	0.438074	2.56766	216
15	1000	1.85941e+06	0.205789	1.64619	25
16	1000	1.8454e+06	0.269501	3.12482	137
17	1000	2.61e+06	0.15323	1.12634	43
18	1000	2.35406e+06	0.244767	-2.18336	93
19	1000	2.32609e+06	0.436662	-0.760793	14
20	1000	2.35156e+06	0.323104	-0.358392	24
21	1000	2.08531e+06	0.412796	1.6498	33
22	1000	2.55394e+06	0.232884	-1.03969	29
23	1000	2.56926e+06	0.181494	-0.597871	13
24	1000	1.08105e+06	0.256047	-0.281013	42
25	1000	1.70204e+06	0.361091	1.10666	222
26	1000	1.87851e+06	0.433009	-0.586392	34
27	1000	2.51457e+06	0.213668	0.474378	159
28	1000	1.71988e+06	0.318621	2.43752	33
29	1000	1.9658e+06	0.217817	1.13487	34
30	1000	3.511e+06	0.256463	-1.14622	19
31	1000	2.4901e+06	0.229805	-1.27478	31
32	1000	1.36668e+06	0.144818	-0.232687	80
33	1000	1.38853e+06	0.373906	-0.146444	39
34	1000	2.77557e+06	0.267125	1.14076	37
35	1000	3.08469e+06	0.293648	1.08691	23
36	1000	2.65276e+06	0.314383	-2.58412	31
37	1000	1.39032e+06	0.343902	-2.24654	30
38	1000	2.27669e+06	0.113982	-0.391881	34
39	1000	1.79392e+06	0.381817	-1.199	46
40	1000	1.58668e+06	0.17862	-0.487842	199
41	1000	2.80325e+06	0.344106	0.0697645	22
42	1000	2.89666e+06	0.228441	1.08137	50
43	1000	1.47228e+06	0.214285	-1.40044	56
44	1000	2.12462e+06	0.111704	-1.14574	117
45	1000	2.09269e+06	0.285294	-0.714951	27
46	1000	2.21702e+06	0.087617	-3.00513	19
47	1000	2.78513e+06	0.302465	2.37541	23
48	1000	1.74203e+06	0.274215	3.11878	371
49	1000	1.53363e+06	0.1128	1.67655	59
50	1000	1.06612e+06	0.388548	-1.7932	322
51	1000	1.01646e+06	0.425626	1.15639	74
52	1000	1.41157e+06	0.333422	0.12436	55
53	1000	2.88751e+06	0.317641	1.47683	70
54	1000	1.03289e+06	0.280643	-1.69446	295
55	1000	1.13088e+06	0.409444	-1.09076	120
56	1000	2.3722e+06	0.291583	2.75908	14
57	1000	999263	0.365737	-3.09658	258
58	1000	1.86177e+06	0.355719	-2.06453	60
59	1000	2.69405e+06	0.320777	-2.27376	36
60	1000	2.49907e+06	0.431714	-2.75645	37
61	1000	1.31728e+06	0.296792	1.22821	107
62	1000	2.37918e+06	0.442966	2.28545	149
63	1000	1.124e+06	0.216211	1.48001	65
64	1000	3.55888e+06	0.0793671	-2.05338	26
65	1000	2.1444e+06	0.369216	-2.19002	27
66	1000	1.48545e+06	0.343735	0.0668689	46
67	1000	1.75945e+06	0.234119	0.210425	110
68	1000	2.41267e+06	0.388516	-0.381152	36
69	1000	2.47345e+06	0.384747	-2.86723	13
70	1000	1.71125e+06	0.442983	-1.05916	27
71	1000	3.15697e+06	0.215003	-0.301044	135
72	1000	2.9944e+06	0.365332	-2.38954	15
73	1000	1.09729e+06	0.285718	-2.89324	141
74	1000	1.48873e+06	0.161162	-0.229985	38
75	1000	2.3651e+06	0.445382	-0.392794	16
76	1000	1.88591e+06	0.263085	1.21186	43
77	1000	1.34541e+06	0.391062	-1.77912	37
78	1000	2.94249e+06	0.143183	0.854466	48
79	1000	2.88101e+06	0.441416	2.65962	47
80	1000	3.22962e+06	0.38106	0.711193	18
81	1000	1.52667e+06	0.36633	1.71674	37
82	1000	1.47482e+06	0.305026	1.33185	283
83	1000	1.8109e+06	0.448765	-2.0409	54
84	1000	3.46592e+06	0.22212	1.82167	26
85	1000	2.94421e+06	0.213106	1.66559	24
86	1000	3.28487e+06	0.367532	1.99184	51
87	1000	1.37855e+06	0.324953	-2.45195	37
88	1000	1.1636e+06	0.325911	-1.71932	198
89	1000	2.37211e+06	0.151621	2.15037	60
90	1000	3.53504e+06	0.353832	-1.90143	26
91	1000	1.57968e+06	0.0715099	-3.09782	32
92	1000	1.89762e+06	0.392618	-0.588599	41
93	1000	3.38949e+06	0.447074	2.37038	53
94	1000	1.37621e+06	0.346675	2.60267	208
95	1000	2.43668e+06	0.323691	-0.97848	28
96	1000	1.41012e+06	0.276577	-0.383632	39
97	1000	2.07594e+06	0.269117	0.192931	44
98	1000	2.09963e+06	0.427284	1.44326	34
99	1000	1.71147e+06	0.145858	-0.305686	35
100	1000	2.66671e+06	0.161554	2.88092	35
101	1000	869112	0.262934	1.3194	189
102	1000	3.05651e+06	0.215443	-2.14086	106
103	1000	1.66908e+06	0.355062	-2.93256	39
104	1000	1.591e+06	0.343875	2.66087	22
105	1000	4.36348e+06	0.268897	2.88998	16
106	1000	1.66422e+06	0.326153	-2.63512	246
107	1000	3.03348e+06	0.318205	-2.35448	55
108	1000	1.12492e+06	0.294611	0.645461	127
109	1000	1.79813e+06	0.313721	-1.95099	50
110	1000	1.7246e+06	0.204606	2.15997	35
111	1000	2.97273e+06	0.17301	-2.34876	40
112	1000	2.35455e+06	0.0171452	-0.619214	24
113	1000	2.1312e+06	0.279877	-0.360826	45
114	1000	2.86223e+06	0.419897	-3.06541	26
115	1000	1.54542e+06	0.31145	-0.753081	62
116	1000	887295	0.382452	2.55153	208
117	1000	2.28593e+06	0.280017	1.76215	30
118	1000	3.13247e+06	0.391466	0.508476	21
119	1000	1.96134e+06	0.308041	-2.37841	26
120	1000	2.76884e+06	0.400342	-0.872956	44
121	1000	4.40549e+06	0.184044	-0.663295	20
122	1000	1.64409e+06	0.117804	0.508081	369
123	1000	2.56658e+06	0.208334	2.16002	53
124	1000	1.4971e+06	0.356716	2.42519	73
125	1000	3.02032e+06	0.124795	1.85987	30
126	1000	1.27449e+06	0.167902	-0.89913	68
127	1000	1.41184e+06	0.431292	-2.33236	41
128	1000	1.46748e+06	0.438914	-0.650022	63
129	1000	2.01258e+06	0.405853	0.176566	74
130	1000	1.61872e+06	0.0864684	-0.553585	106
131	1000	972748	0.381031	0.28515	143
132	1000	2.26537e+06	0.0690555	-1.55503	15
133	1000	1.59223e+06	0.229405	2.58115	75
134	1000	2.5099e+06	0.295359	-0.6595	36
135	1000	839305	0.074937	-1.72411	187
136	1000	2.30227e+06	0.231634	0.135713	24
137	1000	1.33585e+06	0.210818	0.512413	148
138	1000	3.81048e+06	0.187838	0.598679	22
139	1000	2.45019e+06	0.403708	-0.618604	46
140	1000	2.29207e+06	0.362752	-3.08204	30
141	1000	2.15387e+06	0.155298	-2.78442	34
142	1000	1.84825e+06	0.420995	0.417774	129
143	1000	2.46402e+06	0.419058	0.45685	96
144	1000	4.54416e+06	0.396822	-2.52899	11
145	1000	2.34891e+06	0.129292	1.24623	17
146	1000	2.34621e+06	0.180822	0.807979	33
147	1000	2.52166e+06	0.291033	2.06983	32
148	1000	2.8731e+06	0.157001	-0.617825	31
149	1000	4.81646e+06	0.163026	-2.56661	47
150	1000	1.62516e+06	0.270369	0.589664	67
151	1000	1.40015e+06	0.337942	-0.270455	51
152	1000	2.12143e+06	0.280653	2.30264	25
153	1000	1.14653e+06	0.171993	-0.530457	91
154	1000	2.45706e+06	0.215939	1.74119	318
155	1000	1.55247e+06	0.406289	1.35732	32
156	1000	892821	0.367952	-2.4155	77
157	1000	2.75808e+06	0.127127	-1.79384	86
158	1000	1.59132e+06	0.136323	-0.810169	44
159	1000	2.22753e+06	0.402051	-1.58622	31
160	1000	1.92084e+06	0.437957	1.85078	130
161	1000	1.77778e+06	0.349713	0.373599	71
162	1000	1.72527e+06	0.274781	-2.21062	104
163	1000	2.20336e+06	0.330888	1.79949	23
164	1000	979299	0.387228	0.821607	120
165	1000	1.42048e+06	0.349676	-1.60708	99
166	1000	3.35748e+06	0.198399	0.18295	16
167	1000	1.87192e+06	0.405707	2.90537	331
168	1000	2.19714e+06	0.445059	0.923712	117
169	1000	811870	0.318571	-1.14975	397
170	1000	3.05538e+06	0.373435	-1.50435	14
171	1000	1.19797e+06	0.305047	-2.53199	176
172	1000	1.65202e+06	0.432169	-0.743335	22
173	1000	3.15608e+06	0.425878	1.52768	29
174	1000	5.34737e+06	0.125623	0.43997	28
175	1000	931590	0.4308	0.0211648	130
176	1000	2.74589e+06	0.447473	2.72581	27
177	1000	1.8682e+06	0.349082	2.3741	48
178	1000	1.18204e+06	0.14786	-2.29502	162
179	1000	1.36518e+06	0.176912	-2.34937	29
180	1000	2.71632e+06	0.105041	0.929457	17
181	1000	1.97292e+06	0.32307	-3.06264	28
182	1000	5.851e+06	0.155353	-0.354745	42
183	1000	2.98517e+06	0.40329	0.35415	28
184	1000	1.23192e+06	0.128906	-1.41949	236
185	1000	1.01572e+06	0.188071	-2.66472	147
186	1000	1.68345e+06	0.330266	-0.852862	34
187	1000	2.87389e+06	0.296237	1.90121	19
188	1000	6.97514e+06	0.22807	-0.977369	125
189	1000	2.5614e+06	0.398059	-2.96124	163
190	1000	1.36026e+06	0.342922	-1.35808	57
191	1000	1.84987e+06	0.260503	-2.99513	48
192	1000	1.36479e+06	0.360291	0.987199	34
193	1000	1.33244e+06	0.27678	2.26294	150
194	1000	1.56335e+06	0.427589	0.549217	35
195	1000	1.45686e+06	0.412332	-1.97656	183
196	1000	4.41598e+06	0.239176	-2.3319	9
197	1000	2.19738e+06	0.326295	-2.40996	103
198	1000	4.31208e+06	0.447186	2.30411	30
199	1000	1.96338e+06	0.309975	2.95664	34
200	1000	1.57808e+06	0.0242738	0.0428362	377
201	1000	2.94524e+06	0.108435	-0.187608	81
202	1000	736228	0.424341	-2.9768	211
203	1000	2.0239e+06	0.433653	0.447155	34
204	1000	1.73328e+06	0.351602	1.69549	33
205	1000	3.56129e+06	0.346067	-0.983355	17
206	1000	2.79227e+06	0.167072	0.309358	15
207	1000	1.50916e+06	0.36196	1.76811	82
208	1000	1.32784e+06	0.250772	2.04505	172
209	1000	2.15949e+06	0.151222	2.6316	19
210	1000	1.36135e+06	0.408045	-0.893989	44
211	1000	981581	0.0479987	1.68115	481
212	1000	1.47751e+06	0.411005	-2.07204	52
213	1000	2.46721e+06	0.301291	2.622	49
214	1000	1.6029e+06	0.37037	-3.12657	52
215	1000	2.25723e+06	0.264331	2.97059	31
216	1000	2.36551e+06	0.210941	0.408172	16
217	1000	2.23462e+06	0.140988	1.17109	34
218	1000	2.52612e+06	0.350391	-0.496209	372
219	1000	3.13516e+06	0.350736	-1.40506	17
220	1000	2.03686e+06	0.182588	-2.06003	56
221	1000	2.52763e+06	0.24258	0.649205	25
222	1000	2.57928e+06	0.338394	1.72277	27
223	1000	2.0329e+06	0.329424	0.684375	47
224	1000	1.13452e+06	0.446717	2.5187	50
225	1000	1.28416e+06	0.202188	-0.559981	150
226	1000	1.3056e+06	0.312593	2.86132	89
227	1000	1.71098e+06	0.324933	1.25971	35
228	1000	1.74891e+06	0.108867	1.95923	37
229	1000	1.53242e+06	0.21565	1.86944	40
230	1000	1.60465e+06	0.37152	3.08584	69
231	1000	1.73818e+06	0.192617	2.78074	39
232	1000	1.68519e+06	0.403391	2.50441	30
233	1000	2.05379e+06	0.256823	0.0465837	75
234	1000	2.38332e+06	0.110676	-1.19323	32
235	1000	1.91524e+06	0.26929	1.10275	36
236	1000	2.39597e+06	0.443031	2.3464	53
237	1000	1.25159e+06	0.0941351	1.3499	182
238	1000	2.26266e+06	0.0632261	0.745902	50
239	1000	2.76776e+06	0.420325	-0.786324	43
240	1000	2.11224e+06	0.362132	0.156991	33
241	1000	2.4281e+06	0.436317	-0.868792	17
242	1000	1.85657e+06	0.428083	-0.0849352	44
243	1000	1.77593e+06	0.224839	-2.03176	34
244	1000	2.7471e+06	0.290877	-0.730614	8
245	1000	2.45376e+06	0.177174	-2.20834	95
246	1000	3.05618e+06	0.432246	1.06252	24
247	1000	2.24758e+06	0.252214	0.878221	53
248	1000	1.96204e+06	0.157677	-0.109364	24
249	1000	1.22703e+06	0.378576	-0.100213	75
250	1000	2.50073e+06	0.270282	1.60553	60
251	1000	2.4397e+06	0.239588	1.26501	50
252	1000	1.33317e+06	0.321779	-1.02162	73
253	1000	1.21689e+06	0.373283	2.48409	154
254	1000	2.54161e+06	0.293235	2.20044	44
255	1000	1.64734e+06	0.203512	-0.125386	43
256	1000	3.48421e+06	0.219976	-2.46312	55
257	1000	1.91519e+06	0.404685	-1.831	18
258	1000	1.9091e+06	0.256041	1.02067	21
259	1000	1.48493e+06	0.38784	2.14641	31
260	1000	1.49829e+06	0.391721	0.267422	139
261	1000	1.2599e+06	0.226351	-2.16299	48
262	1000	1.09757e+06	0.253779	0.864559	211
263	1000	1.5556e+06	0.250917	-2.37082	30
264	1000	4.17987e+06	0.36801	0.600506	32
265	1000	1.45538e+06	0.316879	3.01976	42
266	1000	2.40936e+06	0.167334	1.72367	57
267	1000	1.53441e+06	0.253398	1.93158	47
268	1000	1.87949e+06	0.212658	-1.86476	640
269	1000	2.81681e+06	0.427352	0.933993	16
270	1000	2.43871e+06	0.393484	-0.950338	37
271	1000	2.01497e+06	0.171515	1.75829	38
272	1000	1.50965e+06	0.406636	2.78242	72
273	1000	1.19263e+06	0.435061	-0.261022	307
274	1000	2.98131e+06	0.245852	-0.591324	40
275	1000	1.61663e+06	0.396217	-1.60912	93
276	1000	2.69763e+06	0.379757	-1.01321	55
277	1000	3.0315e+06	0.228699	1.11665	79
278	1000	2.79588e+06	0.2874	-0.0631164	13
279	1000	1.65559e+06	0.405488	-0.174809	66
280	1000	2.73432e+06	0.382878	-0.40511	56
281	1000	1.44073e+06	0.32805	-2.5817	47
282	1000	2.29135e+06	0.16453	0.011856	25
283	1000	3.01124e+06	0.339057	2.28275	20
284	1000	2.76865e+06	0.404104	2.36654	6
285	1000	3.01335e+06	0.448965	0.137574	33
286	1000	1.19364e+06	0.43917	-3.03939	208
287	1000	2.28909e+06	0.121448	-1.93116	46
288	1000	3.49018e+06	0.257328	-1.19788	18
289	1000	1.55562e+06	0.244531	-2.86242	57
290	1000	1.9023e+06	0.341071	0.631414	21
291	1000	1.55592e+06	0.316633	0.546907	63
292	1000	2.49336e+06	0.36773	-1.79835	24
293	1000	2.22159e+06	0.247858	1.04108	43
294	1000	1.16472e+06	0.0754637	1.40505	83
295	1000	818903	0.157585	0.0486903	337
296	1000	2.36329e+06	0.447603	0.777443	18
297	1000	1.61195e+06	0.382074	1.45364	45
298	1000	1.6071e+06	0.068774	-2.98592	68
299	1000	2.07741e+06	0.359522	-0.262421	34
300	1000	2.89243e+06	0.0600933	-0.8591	43
301	1000	2.21333e+06	0.37713	-0.770803	29
302	1000	1.54328e+06	0.443066	1.94397	35
303	1000	2.85454e+06	0.119988	1.24107	23
304	1000	3.07904e+06	0.30245	2.61951	11
305	1000	1.74592e+06	0.325704	1.67894	35
306	1000	2.09702e+06	0.0577289	-2.40587	27
307	1000	1.91721e+06	0.418858	-0.288197	23
308	1000	2.30027e+06	0.0486633	-1.48312	21
309	1000	1.53042e+06	0.408751	-1.7935	127
310	1000	1.5549e+06	0.417675	-2.11112	37
311	1000	763882	0.315339	-2.54226	482
312	1000	2.99592e+06	0.299371	1.70591	42
313	1000	2.58749e+06	0.372387	2.87433	35
314	1000	2.44986e+06	0.450248	0.0943225	41
315	1000	1.61538e+06	0.122712	-0.922106	53
316	1000	3.57882e+06	0.387392	-1.54019	12
317	1000	2.53357e+06	0.398246	0.249505	19
318	1000	4.39443e+06	0.385175	-0.321905	30
319	1000	949881	0.161098	1.046	187
320	1000	2.0528e+06	0.239099	-0.79429	137
321	1000	971539	0.291506	-2.30733	97
322	1000	2.60189e+06	0.122119	1.67521	62
323	1000	1.87896e+06	0.275618	0.894904	56
324	1000	2.77617e+06	0.402626	0.858718	31
325	1000	1.72376e+06	0.43608	-2.61442	39
326	1000	1.87538e+06	0.299009	1.31549	115
327	1000	2.87789e+06	0.185358	1.30297	20
328	1000	725585	0.302208	0.615863	507
329	1000	2.40253e+06	0.330322	2.46074	29
330	1000	1.798e+06	0.294477	2.88774	34
331	1000	4.39765e+06	0.300479	-0.641952	11
332	1000	2.41707e+06	0.31194	2.39281	34
333	1000	1.87858e+06	0.341439	2.42717	25
334	1000	1.8858e+06	0.195666	1.2471	17
335	1000	1.07799e+06	0.414334	1.23895	94
336	1000	1.99884e+06	0.373582	-0.331836	543
337	1000	2.39292e+06	0.438921	-0.841825	31
338	1000	1.3821e+06	0.115868	0.850886	53
339	1000	2.51493e+06	0.387133	0.157873	68
340	1000	1.06425e+06	0.354925	-2.27437	50
341	1000	4.27985e+06	0.364867	3.12888	62
342	1000	2.45946e+06	0.407503	-2.37283	17
343	1000	1.27577e+06	0.330832	-0.673925	26
344	1000	1.13666e+06	0.274105	3.072	117
345	1000	4.44914e+06	0.277	-1.32546	39
346	1000	1.51562e+06	0.439099	-2.29043	363
347	1000	1.96585e+06	0.163258	3.13755	58
348	1000	2.25752e+06	0.361363	-1.06307	358
349	1000	2.34769e+06	0.420979	2.52517	49
350	1000	1.4867e+06	0.270162	1.83949	40
351	1000	1.99837e+06	0.392306	-2.9967	119
352	1000	2.20008e+06	0.411804	-0.560753	140
353	1000	1.81143e+06	0.383392	-1.60142	38
354	1000	1.64775e+06	0.393107	-1.92393	30
355	1000	2.72784e+06	0.417789	-1.8828	39
356	1000	2.17526e+06	0.253981	-1.37208	42
357	1000	1.80647e+06	0.38725	-0.813305	43
358	1000	1.41326e+06	0.431967	0.322793	33
359	1000	1.65789e+06	0.0924546	2.39778	52
360	1000	3.53407e+06	0.321721	0.134578	16
361	1000	2.79602e+06	0.417389	-2.54838	18
362	1000	3.47346e+06	0.253922	-2.5049	13
363	1000	4.65356e+06	0.107766	-1.57894	59
364	1000	2.28619e+06	0.396061	-1.70055	29
365	1000	1.82721e+06	0.290787	-1.79407	337
366	1000	2.80968e+06	0.22142	-1.93096	179
367	1000	1.98623e+06	0.269513	-0.149671	32
368	1000	2.20332e+06	0.428302	2.89934	26
369	1000	1.67567e+06	0.267787	1.08691	40
370	1000	2.44399e+06	0.0866068	-2.93764	55
371	1000	1.69321e+06	0.388932	-2.14846	40
372	1000	1.49204e+06	0.44964	0.844888	56
373	1000	1.23924e+06	0.224841	1.50982	137
374	1000	2.71272e+06	0.317162	-2.21755	19
375	1000	1.78617e+06	0.218172	-2.47813	52
376	1000	2.71141e+06	0.236031	-3.07574	45
377	1000	1.89858e+06	0.284893	2.42806	78
378	1000	3.88473e+06	0.346165	1.94814	85
379	1000	2.26374e+06	0.400777	-1.94865	19
380	1000	2.91234e+06	0.129991	1.54113	23
381	1000	2.27059e+06	0.112372	-1.13702	43
382	1000	1.63351e+06	0.402757	2.41518	58
383	1000	2.15666e+06	0.214922	-2.66043	43
384	1000	2.09843e+06	0.387846	2.3964	107
385	1000	3.15423e+06	0.0649359	0.470375	31
386	1000	2.12229e+06	0.231622	2.40123	25
387	1000	1.25065e+06	0.352397	-2.50926	63
388	1000	1.04558e+06	0.365583	-0.872172	122
389	1000	1.91101e+06	0.395841	-0.00888003	49
390	1000	2.18811e+06	0.35072	0.589226	28
391	1000	1.37622e+06	0.180346	1.79596	35
392	1000	620628	0.238222	0.641861	315
393	1000	2.95957e+06	0.11037	0.993061	354
394	1000	1.73441e+06	0.271361	1.91743	23
395	1000	1.30037e+06	0.295689	3.00855	108
396	1000	3.29423e+06	0.255084	-0.474303	93
397	1000	1.92625e+06	0.248448	0.850048	34
398	1000	2.59748e+06	0.329658	-2.38191	14
399	1000	2.2718e+06	0.161253	-1.22735	30
400	1000	2.10419e+06	0.317502	0.121078	275
401	1000	1.85853e+06	0.42397	-0.37922	52
402	1000	1.23878e+06	0.427927	-0.248703	90
403	1000	2.36405e+06	0.169634	-2.59423	40
404	1000	1.98406e+06	0.319955	-0.000248627	132
405	1000	3.33604e+06	0.249223	2.0408	15
406	1000	2.07519e+06	0.434102	1.56228	39
407	1000	2.02437e+06	0.406461	2.22619	33
408	1000	1.5273e+06	0.444976	2.87808	39
409	1000	2.0237e+06	0.347612	-1.56955	86
410	1000	2.44157e+06	0.430822	-0.275683	7
411	1000	2.87076e+06	0.413035	0.459065	22
412	1000	1.98844e+06	0.415405	-0.810744	27
413	1000	1.63059e+06	0.415553	1.08256	106
414	1000	1.7122e+06	0.264189	-2.63209	22
415	1000	2.69301e+06	0.230943	-2.20691	19
416	1000	1.2093e+06	0.0767397	2.81279	200
417	1000	2.49358e+06	0.405909	0.469052	40
418	1000	1.56765e+06	0.293281	-2.6439	68
419	1000	2.24603e+06	0.367162	-1.84832	61
420	1000	1.65427e+06	0.420311	0.664412	394
421	1000	2.9333e+06	0.402716	-2.69798	24
422	1000	3.35934e+06	0.356986	0.0829967	45
423	1000	2.33518e+06	0.292589	-0.325606	35
424	1000	1.7018e+06	0.26605	2.33328	44
425	1000	1.32406e+06	0.109022	2.77885	118
426	1000	2.27479e+06	0.215502	-0.0515645	30
427	1000	1.88789e+06	0.338095	0.696192	43
428	1000	3.0979e+06	0.183587	-2.72002	23
429	1000	2.13386e+06	0.321563	-1.60289	36
430	1000	1.75927e+06	0.34993	-1.07179	87
431	1000	1.55388e+06	0.12284	-1.36388	46
432	1000	1.7667e+06	0.442522	2.15434	69
433	1000	2.50359e+06	0.364294	-1.78155	35
434	1000	1.17932e+06	0.123912	2.73843	169
435	1000	3.91211e+06	0.420585	-0.806486	10
436	1000	3.07857e+06	0.325291	0.642676	19
437	1000	2.69581e+06	0.430678	-0.734101	26
438	1000	2.80096e+06	0.388623	0.323532	74
439	1000	3.25229e+06	0.190524	2.3419	34
440	1000	1.62535e+06	0.247663	2.19735	38
441	1000	2.11247e+06	0.293471	1.70607	50
442	1000	1.68239e+06	0.409387	-1.22965	24
443	1000	1.01665e+06	0.420206	3.1166	150
444	1000	1.43478e+06	0.337656	-0.530876	65
445	1000	1.78188e+06	0.345288	-2.20963	40
446	1000	1.69982e+06	0.120862	0.6909	61
447	1000	1.86988e+06	0.387423	1.8519	64
448	1000	2.80937e+06	0.276052	2.45865	111
449	1000	1.88733e+06	0.280243	0.3216	50
450	1000	1.64438e+06	0.420918	1.67315	26
451	1000	2.05513e+06	0.36504	0.0181667	83
452	1000	2.18353e+06	0.350778	-2.72666	22
453	1000	1.99039e+06	0.210133	2.4321	71
454	1000	1.38971e+06	0.272513	-1.68798	324
455	1000	1.94343e+06	0.412105	1.17396	21
456	1000	1.94465e+06	0.315145	-2.56553	41
457	1000	3.44918e+06	0.438345	0.246957	24
458	1000	2.40846e+06	0.275994	1.98455	20
459	1000	2.09541e+06	0.378622	-1.37072	21
460	1000	1.06633e+06	0.270363	-2.79395	117
461	1000	1.75468e+06	0.415406	1.63632	126
462	1000	1.96964e+06	0.114938	1.09304	36
463	1000	2.25625e+06	0.209327	-1.62818	24
464	1000	1.6514e+06	0.113354	2.46304	110
465	1000	2.29344e+06	0.0545909	2.73056	76
466	1000	3.93283e+06	0.270489	-2.28594	8
467	1000	2.12334e+06	0.44816	2.66222	24
468	1000	1.66175e+06	0.384105	2.08347	77
469	1000	2.46421e+06	0.162478	0.38829	16
470	1000	1.3953e+06	0.445842	-1.58665	64
471	1000	1.71263e+06	0.412887	2.54524	38
472	1000	1.48339e+06	0.324859	-3.11165	63
473	1000	2.20455e+06	0.360847	3.08779	29
474	1000	1.93266e+06	0.328686	1.76244	380
475	1000	2.40099e+06	0.390838	-2.13345	75
476	1000	2.06318e+06	0.3685	-1.61952	34
477	1000	3.47431e+06	0.360788	-1.24974	10
478	1000	2.20249e+06	0.431076	1.87157	18
479	1000	1.61713e+06	0.288369	0.455528	31
480	1000	1.28383e+06	0.342957	2.00727	35
481	1000	2.14568e+06	0.124939	-0.4013	36
482	1000	1.69362e+06	0.148542	-2.20224	275
483	1000	1.60302e+06	0.133237	0.893025	83
484	1000	2.98479e+06	0.384451	2.44177	27
485	1000	993515	0.405511	-0.705783	74
486	1000	5.1852e+06	0.327262	2.97337	49
487	1000	1.48071e+06	0.1887	-1.40505	72
488	1000	4.85043e+06	0.182305	-0.364851	16
489	1000	1.94962e+06	0.242932	-1.241	55
490	1000	4.92772e+06	0.201961	0.574052	13
491	1000	1.58181e+06	0.305935	0.74404	312
492	1000	3.77744e+06	0.413709	-1.7163	21
493	1000	1.83483e+06	0.336435	2.85642	38
494	1000	2.0873e+06	0.254495	-0.84392	31
495	1000	1.49268e+06	0.384297	-0.679311	44
496	1000	1.752e+06	0.423776	0.832139	110
497	1000	1.6059e+06	0.411968	-1.78926	44
498	1000	2.60846e+06	0.349356	-2.15895	14
499	1000	3.36438e+06	0.182408	0.528052	47
500	1000	1.76339e+06	0.385518	-1.95087	25
501	1000	3.13798e+06	0.28028	-1.678	20
502	1000	897316	0.169708	-2.24754	217
503	1000	1.12678e+06	0.348457	2.36832	69
504	1000	1.39066e+06	0.270645	-1.62639	32
505	1000	1.67718e+06	0.220336	-2.85732	42
506	1000	2.30381e+06	0.13402	-1.70102	26
507	1000	1.06645e+06	0.342968	-2.93027	91
508	1000	5.82638e+06	0.351059	-1.3239	6
509	1000	1.52246e+06	0.187691	-2.0803	342
510	1000	1.1588e+06	0.248245	2.05845	121
511	1000	2.63119e+06	0.351395	2.42642	28
512	1000	2.13999e+06	0.428284	0.447373	28
513	1000	1.16881e+06	0.397653	0.337874	157
514	1000	3.01127e+06	0.414229	1.63575	21
515	1000	2.01969e+06	0.337049	-1.71216	42
516	1000	1.86669e+06	0.114014	-1.69408	71
517	1000	2.2389e+06	0.308997	-2.4208	39
518	1000	1.59533e+06	0.395227	-2.7094	33
519	1000	2.17456e+06	0.421171	0.38243	53
520	1000	2.42703e+06	0.447583	-2.21369	33
521	1000	2.36777e+06	0.425365	2.96196	119
522	1000	2.15131e+06	0.066443	2.12752	41
523	1000	1.52369e+06	0.0826844	-1.70262	61
524	1000	1.56529e+06	0.173185	-2.97358	45
525	1000	1.96891e+06	0.361945	2.49547	26
526	1000	1.60242e+06	0.131043	1.48933	52
527	1000	1.36075e+06	0.17394	-2.95689	73
528	1000	1.79305e+06	0.435477	2.86756	32
529	1000	1.77226e+06	0.326952	3.04297	31
530	1000	1.86007e+06	0.346358	2.52374	63
531	1000	3.49447e+06	0.215172	-0.283062	43
532	1000	2.22504e+06	0.150488	1.40535	35
533	1000	3.40992e+06	0.257999	1.75183	30
534	1000	2.02955e+06	0.400894	-0.154157	28
535	1000	1.25257e+06	0.234364	0.900572	49
536	1000	2.53795e+06	0.310133	1.06428	44
537	1000	2.06188e+06	0.350739	0.00627333	42
538	1000	2.85155e+06	0.301688	-2.75627	54
539	1000	3.28882e+06	0.23358	1.33027	33
540	1000	3.11398e+06	0.305001	-1.8609	25
541	1000	2.27192e+06	0.356414	-2.08416	29
542	1000	2.53977e+06	0.37523	-0.912686	26
543	1000	2.60107e+06	0.166938	-1.53794	39
544	1000	1.65128e+06	0.36836	-2.99335	57
545	1000	1.60197e+06	0.109734	-2.92446	36
546	1000	2.89733e+06	0.303656	3.08147	40
547	1000	2.07601e+06	0.313329	-1.67801	51
548	1000	2.2644e+06	0.198107	-2.33779	48
549	1000	1.18036e+06	0.162271	-1.38498	65
550	1000	2.36095e+06	0.140078	1.24098	19
551	1000	1.77796e+06	0.426131	-0.78889	46
552	1000	2.40912e+06	0.0935962	2.24641	53
553	1000	2.65163e+06	0.402553	-0.197192	20
554	1000	1.61727e+06	0.200157	2.09138	102
555	1000	2.66825e+06	0.318404	2.63427	29
556	1000	2.36995e+06	0.338871	0.186433	19
557	1000	2.32647e+06	0.279723	-2.07296	130
558	1000	1.47892e+06	0.226212	2.98352	105
559	1000	2.30675e+06	0.44797	-2.88237	38
560	1000	2.20154e+06	0.122924	2.71266	28
561	1000	1.60631e+06	0.361891	-0.909748	31
562	1000	1.60164e+06	0.257051	-2.23739	41
563	1000	1.74371e+06	0.103272	-0.250899	36
564	1000	1.73407e+06	0.419494	-0.134011	10
565	1000	3.99577e+06	0.383929	-1.00423	21
566	1000	1.40961e+06	0.447752	-2.27121	41
567	1000	5.9556e+06	0.227319	2.45603	15
568	1000	1.8862e+06	0.295571	-1.91389	112
569	1000	2.32254e+06	0.444277	-2.69379	30
570	1000	1.98459e+06	0.369503	-3.05945	43
571	1000	967137	0.0510646	-1.50609	307
572	1000	2.00915e+06	0.432317	1.12801	53
573	1000	4.71533e+06	0.25773	0.213467	31
574	1000	1.24683e+06	0.30778	-2.53662	116
575	1000	1.85493e+06	0.0799111	-0.859909	36
576	1000	1.90073e+06	0.332708	-1.28112	34
577	1000	1.72256e+06	0.375117	1.23918	42
578	1000	1.06145e+06	0.302847	2.15162	68
579	1000	1.28534e+06	0.218769	1.95713	106
580	1000	1.61862e+06	0.283189	-2.29657	54
581	1000	2.0615e+06	0.263345	0.185712	102
582	1000	3.73193e+06	0.419581	-0.491181	17
583	1000	1.4469e+06	0.292248	2.47887	212
584	1000	2.12178e+06	0.214791	0.414079	35
585	1000	1.56942e+06	0.0331848	1.29029	70
586	1000	1.63918e+06	0.274778	2.67488	48
587	1000	2.0824e+06	0.380318	1.83497	30
588	1000	1.73829e+06	0.284936	1.46843	104
589	1000	1.76002e+06	0.35589	-1.129	49
590	1000	963198	0.388114	-0.921544	231
591	1000	4.23744e+06	0.291119	1.93937	54
592	1000	1.35815e+06	0.303039	0.568896	124
593	1000	3.76822e+06	0.0761053	-1.49596	49
594	1000	2.90355e+06	0.350179	1.11488	16
595	1000	1.49492e+06	0.412169	2.61048	29
596	1000	1.84252e+06	0.310602	-1.35238	173
597	1000	1.85978e+06	0.221501	0.653616	20
598	1000	1.98853e+06	0.44767	-0.210618	235
599	1000	2.50161e+06	0.430342	1.15218	33
600	1000	1.8827e+06	0.325781	1.68748	20
601	1000	1.26366e+06	0.321509	1.72946	56
602	1000	1.31591e+06	0.422514	-1.85543	48
603	1000	861592	0.287192	0.0399313	221
604	1000	1.64082e+06	0.284867	3.09956	87
605	1000	1.4285e+06	0.427164	-2.07713	371
606	1000	2.40915e+06	0.308932	0.179407	19
607	1000	1.63647e+06	0.314391	-0.272975	55
608	1000	1.94352e+06	0.200005	2.2495	154
609	1000	942839	0.242947	0.0378733	198
610	1000	2.10753e+06	0.333883	-2.64095	439
611	1000	1.83094e+06	0.399474	1.36567	41
612	1000	2.39026e+06	0.345089	2.6041	28
613	1000	3.30424e+06	0.253424	0.595955	15
614	1000	1.7429e+06	0.437835	-0.828578	33
615	1000	2.0907e+06	0.279276	2.23886	97
616	1000	2.32788e+06	0.0308617	-2.5026	97
617	1000	2.67819e+06	0.430444	2.09749	56
618	1000	2.11621e+06	0.171829	1.84244	106
619	1000	2.54845e+06	0.249837	2.73742	88
620	1000	1.23415e+06	0.31464	1.11271	64
621	1000	1.72806e+06	0.299791	-2.15075	44
622	1000	3.49068e+06	0.449124	2.3695	17
623	1000	1.31531e+06	0.421628	-0.0524188	41
624	1000	1.55102e+06	0.42995	1.13994	74
625	1000	1.72555e+06	0.128356	2.06464	96
626	1000	2.01303e+06	0.284658	-1.91189	40
627	1000	1.5959e+06	0.318291	-0.690833	37
628	1000	1.61908e+06	0.273688	-0.353662	88
629	1000	1.96508e+06	0.364087	-3.01652	37
630	1000	2.32224e+06	0.324124	0.95681	38
631	1000	2.06737e+06	0.160303	-0.445707	39
632	1000	1.40352e+06	0.44408	-1.04359	84
633	1000	1.67525e+06	0.125269	-2.54089	52
634	1000	2.39866e+06	0.143913	2.1136	20
635	1000	1.83927e+06	0.38301	2.84138	128
636	1000	1.99818e+06	0.26661	-2.54309	155
637	1000	1.91355e+06	0.34443	1.05591	84
638	1000	2.4656e+06	0.413568	-1.7557	23
639	1000	1.02081e+06	0.419528	2.70156	111
640	1000	1.16683e+06	0.180711	-2.59877	70
641	1000	2.51996e+06	0.353044	1.4593	23
642	1000	2.04523e+06	0.277281	-1.32549	27
643	1000	2.8131e+06	0.306117	1.99235	511
644	1000	1.43387e+06	0.222051	-2.83877	36
645	1000	1.77337e+06	0.387007	0.274435	35
646	1000	2.5463e+06	0.262077	0.0923009	15
647	1000	2.88071e+06	0.337406	-2.81026	14
648	1000	1.45875e+06	0.428413	1.7385	47
649	1000	2.1409e+06	0.135028	1.57814	49
650	1000	1.43544e+06	0.391528	2.69074	92
651	1000	1.04102e+06	0.176941	0.209294	672
652	1000	1.67858e+06	0.391133	-1.06043	41
653	1000	2.81899e+06	0.160576	2.357	33
654	1000	2.03351e+06	0.358184	-1.1008	34
655	1000	2.7654e+06	0.315456	-0.181867	16
656	1000	2.46446e+06	0.227457	0.827332	48
657	1000	2.39831e+06	0.410644	1.18305	22
658	1000	2.26983e+06	0.172469	2.18631	53
659	1000	1.8273e+06	0.327728	-2.23266	20
660	1000	3.45292e+06	0.437702	-2.73156	24
661	1000	2.71705e+06	0.126177	-0.55614	42
662	1000	1.84631e+06	0.217398	2.15621	307
663	1000	1.97544e+06	0.394191	-1.61534	22
664	1000	2.20633e+06	0.2434	-0.0201331	48
665	1000	1.88775e+06	0.365149	2.01246	44
666	1000	2.05343e+06	0.266602	-0.458708	93
667	1000	2.39985e+06	0.347869	2.24621	80
668	1000	2.55715e+06	0.368758	-1.11985	30
669	1000	2.91915e+06	0.382032	0.744675	33
670	1000	2.18627e+06	0.283997	1.38893	28
671	1000	2.90552e+06	0.0862221	-1.49017	30
672	1000	1.3966e+06	0.346102	-2.37752	43
673	1000	4.35358e+06	0.361658	0.0108936	80
674	1000	2.68824e+06	0.203646	-0.098021	83
675	1000	4.63005e+06	0.116779	1.96654	60
676	1000	3.5961e+06	0.380656	-0.041122	79
677	1000	1.04138e+06	0.388382	2.08918	103
678	1000	2.8175e+06	0.390677	-0.152611	33
679	1000	1.3767e+06	0.16747	-1.76137	76
680	1000	936726	0.385364	-2.85645	214
681	1000	1.34059e+06	0.445149	-1.31233	161
682	1000	1.14125e+06	0.111038	-1.12765	117
683	1000	1.55216e+06	0.192561	1.70404	66
684	1000	2.28662e+06	0.323968	2.16211	31
685	1000	2.58259e+06	0.398672	-0.401568	22
686	1000	1.69792e+06	0.379783	0.874059	74
687	1000	1.95833e+06	0.387347	2.15699	30
688	1000	2.17173e+06	0.261238	-2.90261	150
689	1000	1.64176e+06	0.240559	-1.95561	50
690	1000	2.16327e+06	0.283788	-2.76213	517
691	1000	2.66349e+06	0.23798	2.08693	33
692	1000	1.4673e+06	0.100212	3.00445	100
693	1000	3.7638e+06	0.438303	-2.84302	19
694	1000	2.66608e+06	0.354827	1.64654	25
695	1000	5.01364e+06	0.3715	1.01646	21
696	1000	2.41964e+06	0.223134	-0.164921	28
697	1000	2.19895e+06	0.326619	-3.0638	14
698	1000	1.67961e+06	0.272345	-1.0166	18
699	1000	1.37376e+06	0.419272	1.87744	76
700	1000	1.70748e+06	0.406834	-0.917198	29
701	1000	3.16571e+06	0.340336	2.52038	37
702	1000	1.75216e+06	0.12229	-1.30575	110
703	1000	3.7141e+06	0.397048	2.69128	56
704	1000	1.61668e+06	0.433503	-2.93765	37
705	1000	1.16263e+06	0.293813	-2.36376	53
706	1000	2.65252e+06	0.150468	1.3328	31
707	1000	1.10461e+06	0.237328	-3.08644	223
708	1000	753042	0.338968	-2.27902	570
709	1000	1.90212e+06	0.273605	-2.40809	175
710	1000	3.5e+06	0.35802	2.26411	21
711	1000	1.97706e+06	0.0511589	1.56676	214
712	1000	1.27681e+06	0.259881	-1.47859	334
713	1000	990704	0.0555536	3.09373	142
714	1000	2.7982e+06	0.380333	1.74645	36
715	1000	3.72237e+06	0.123582	-2.42007	13
716	1000	2.37419e+06	0.416358	-2.04251	57
717	1000	3.39533e+06	0.362538	2.64707	50
718	1000	1.7763e+06	0.431666	1.90794	25
719	1000	2.56195e+06	0.101704	-2.3906	30
720	1000	1.49817e+06	0.419745	-1.78421	27
721	1000	2.11475e+06	0.31828	-2.6504	37
722	1000	2.29368e+06	0.119384	2.46493	33
723	1000	2.28907e+06	0.338891	2.55138	19
724	1000	2.57511e+06	0.0622036	1.74267	25
725	1000	3.00226e+06	0.32037	-3.01324	139
726	1000	1.8462e+06	0.119723	1.0051	59
727	1000	3.48068e+06	0.385376	2.40302	44
728	1000	2.57859e+06	0.24925	3.0051	30
729	1000	2.29458e+06	0.429031	-0.746323	34
730	1000	1.44949e+06	0.348084	0.507038	49
731	1000	1.89324e+06	0.303872	2.47918	66
732	1000	2.10582e+06	0.328654	-2.58046	59
733	1000	1.23969e+06	0.227123	-1.21872	92
734	1000	1.54068e+06	0.434987	-0.469282	30
735	1000	1.96866e+06	0.32131	0.98022	28
736	1000	1.07304e+06	0.147492	0.819139	494
737	1000	1.52965e+06	0.229146	-2.48291	74
738	1000	3.56432e+06	0.251652	-1.83056	28
739	1000	1.41292e+06	0.380103	-0.482772	45
740	1000	2.98012e+06	0.341488	2.27593	10
741	1000	2.47119e+06	0.0644598	-0.640591	23
742	1000	3.03831e+06	0.373044	0.407731	31
743	1000	1.2633e+06	0.350514	-0.511105	45
744	1000	4.7256e+06	0.315698	-0.792281	64
745	1000	2.33419e+06	0.390042	0.662853	21
746	1000	1.90325e+06	0.168346	-1.58068	39
747	1000	1.6564e+06	0.37045	-0.621687	42
748	1000	2.51147e+06	0.271535	3.06708	148
749	1000	2.62483e+06	0.197154	1.20889	40
750	1000	2.03384e+06	0.360959	0.45945	72
751	1000	1.82865e+06	0.223131	3.00379	104
752	1000	1.37277e+06	0.379754	1.63786	67
753	1000	1.95776e+06	0.33217	1.12295	36
754	1000	5.44141e+06	0.418606	1.33015	17
755	1000	2.05218e+06	0.432362	2.80798	267
756	1000	6.2364e+06	0.244111	-2.22937	14
757	1000	1.51725e+06	0.28023	-2.29528	75
758	1000	4.64476e+06	0.0805807	2.23637	105
759	1000	2.27005e+06	0.0760452	0.317892	128
760	1000	1.37477e+06	0.019073	0.106426	77
761	1000	1.57509e+06	0.340244	2.38455	80
762	1000	2.60247e+06	0.388425	-2.15225	13
763	1000	2.13046e+06	0.305763	-0.506818	35
764	1000	1.29416e+06	0.336524	0.780531	35
765	1000	2.69443e+06	0.167641	-0.476424	19
766	1000	3.06414e+06	0.245828	-0.186984	28
767	1000	2.29316e+06	0.15365	-1.86824	61
768	1000	3.00932e+06	0.223592	-2.28245	41
769	1000	1.90759e+06	0.369467	-2.39731	122
770	1000	1.91541e+06	0.214681	-1.14894	36
771	1000	1.66316e+06	0.209262	1.79153	245
772	1000	1.26128e+06	0.443402	-0.84413	128
773	1000	1.3225e+06	0.112543	0.0505816	93
774	1000	1.0246e+06	0.334268	0.0204372	217
775	1000	2.2271e+06	0.0852759	-1.43402	88
776	1000	1.41061e+06	0.0914548	1.53555	97
777	1000	1.98245e+06	0.447112	-1.8887	20
778	1000	1.18976e+06	0.286199	0.397038	251
779	1000	2.79101e+06	0.28477	-1.06729	92
780	1000	2.03083e+06	0.423832	2.21737	200
781	1000	2.27539e+06	0.290726	-1.35569	45
782	1000	916253	0.208055	2.36917	98
783	1000	1.17894e+06	0.176602	0.63327	64
784	1000	1.31924e+06	0.289297	-2.53559	35
785	1000	3.13744e+06	0.179818	1.98598	31
786	1000	1.40256e+06	0.290141	-0.623073	50
787	1000	2.9534e+06	0.392287	3.05513	126
788	1000	1.44162e+06	0.134	-1.55093	58
789	1000	2.67228e+06	0.30716	-2.74395	27
790	1000	1.35156e+06	0.35336	-2.29898	61
791	1000	2.33502e+06	0.412561	-0.736156	81
792	1000	4.26017e+06	0.041925	1.23538	35
793	1000	1.75645e+06	0.395544	-2.15383	23
794	1000	1.65911e+06	0.207992	1.93839	103
795	1000	1.50803e+06	0.072432	0.438101	95
796	1000	2.68673e+06	0.243083	2.55517	23
797	1000	1.65059e+06	0.431268	0.637579	46
798	1000	2.05653e+06	0.378078	3.10582	21
799	1000	2.7396e+06	0.334065	2.33595	27
800	1000	2.10815e+06	0.433354	-0.637124	57
801	1000	1.63404e+06	0.21159	-2.31354	166
802	1000	1.16618e+06	0.328809	2.44227	60
803	1000	1.86282e+06	0.214923	-0.340972	37
804	1000	1.53959e+06	0.234329	1.45248	33
805	1000	2.42038e+06	0.37322	2.57195	21
806	1000	1.75614e+06	0.439369	2.84181	121
807	1000	1.86369e+06	0.224245	1.47872	35
808	1000	2.41738e+06	0.180021	-2.67309	21
809	1000	1.80504e+06	0.234	3.107	77
810	1000	2.99063e+06	0.213861	-2.08005	59
811	1000	2.04861e+06	0.14245	-1.8348	48
812	1000	2.04549e+06	0.214715	2.00703	45
813	1000	2.33742e+06	0.230418	-2.72343	77
814	1000	1.1038e+06	0.194416	3.06715	79
815	1000	3.49756e+06	0.402715	-2.56358	18
816	1000	1.87642e+06	0.376405	2.43209	25
817	1000	1.64914e+06	0.285396	-0.332356	29
818	1000	2.05875e+06	0.0855187	-0.114122	43
819	1000	2.23391e+06	0.179252	-3.06986	35
820	1000	1.68168e+06	0.304457	0.990944	66
821	1000	2.64617e+06	0.152996	-2.79029	45
822	1000	3.44827e+06	0.414389	1.86111	31
823	1000	1.91761e+06	0.358776	-1.44216	17
824	1000	1.38743e+06	0.445345	1.22943	33
825	1000	3.22839e+06	0.436072	-2.15223	60
826	1000	2.52926e+06	0.352346	0.717952	23
827	1000	2.52445e+06	0.133458	0.816695	32
828	1000	946971	0.0748001	1.97731	423
829	1000	1.88069e+06	0.318409	-2.11809	59
830	1000	2.72074e+06	0.172223	-2.25725	22
831	1000	1.58267e+06	0.394721	2.66422	54
832	1000	3.61639e+06	0.404359	-1.24032	26
833	1000	2.4247e+06	0.193899	-0.34182	48
834	1000	1.74586e+06	0.420785	2.59646	64
835	1000	1.98491e+06	0.247196	2.2342	29
836	1000	2.65813e+06	0.299773	-2.94469	75
837	1000	1.83567e+06	0.308856	1.8725	38
838	1000	1.85362e+06	0.279364	1.94995	35
839	1000	1.83508e+06	0.160017	0.964391	28
840	1000	2.46619e+06	0.443417	-0.910916	17
841	1000	3.01549e+06	0.0930841	-0.429492	20
842	1000	3.3936e+06	0.206251	-1.69414	48
843	1000	2.60411e+06	0.305709	2.0572	9
844	1000	1.79757e+06	0.303153	-0.695892	72
845	1000	1.17066e+06	0.216184	1.45653	118
846	1000	2.10695e+06	0.318954	2.73015	20
847	1000	707908	0.207721	2.07429	456
848	1000	2.89659e+06	0.307891	-1.99584	28
849	1000	2.20781e+06	0.32026	-0.390205	25
850	1000	2.21636e+06	0.318836	1.71481	41
851	1000	1.50487e+06	0.062429	-0.81648	47
852	1000	2.06256e+06	0.259906	0.209294	46
853	1000	3.58624e+06	0.181511	2.10424	36
854	1000	3.02052e+06	0.157943	-1.83079	22
855	1000	1.38017e+06	0.364152	-2.57906	576
856	1000	968382	0.278789	-0.0732226	279
857	1000	3.44568e+06	0.280938	0.635296	24
858	1000	2.22918e+06	0.127738	-2.17796	112
859	1000	2.54153e+06	0.39424	0.451071	28
860	1000	2.05882e+06	0.365609	1.72546	28
861	1000	1.1042e+06	0.131993	1.45077	133
862	1000	1.63449e+06	0.416166	-0.13698	64
863	1000	993004	0.304957	2.10261	114
864	1000	1.04093e+06	0.185781	1.09463	72
865	1000	2.21605e+06	0.237134	0.440302	31
866	1000	2.86362e+06	0.280221	-0.507415	35
867	1000	714561	0.299616	-0.138951	896
868	1000	1.52949e+06	0.438034	2.23879	43
869	1000	2.68045e+06	0.330441	0.0540285	45
870	1000	858843	0.360522	2.03509	199
871	1000	1.4453e+06	0.288143	0.774644	68
872	1000	2.467e+06	0.32554	-0.217009	25
873	1000	1.55053e+06	0.101311	-0.523887	42
874	1000	2.52762e+06	0.164379	-1.82815	39
875	1000	2.40515e+06	0.291639	-0.677539	54
876	1000	2.21169e+06	0.258931	-0.0959926	203
877	1000	1.39546e+06	0.179431	-3.10829	99
878	1000	2.51708e+06	0.393489	-0.743142	45
879	1000	1.25581e+06	0.260564	1.0614	62
880	1000	1.93431e+06	0.235561	-0.162698	37
881	1000	1.64397e+06	0.32042	-1.11041	42
882	1000	1.32106e+06	0.318568	-2.97801	76
883	1000	875098	0.293565	-2.69592	187
884	1000	3.02235e+06	0.0984118	-0.880107	27
885	1000	5.59812e+06	0.393633	3.02658	18
886	1000	2.05509e+06	0.41701	2.09652	21
887	1000	2.59481e+06	0.333535	-2.65759	31
888	1000	1.98588e+06	0.199607	2.32394	17
889	1000	1.33407e+06	0.427075	0.668617	46
890	1000	1.66013e+06	0.269473	0.925437	43
891	1000	1.45874e+06	0.33519	-1.74306	79
892	1000	1.41497e+06	0.150424	-2.08136	82
893	1000	2.2144e+06	0.319759	1.8794	22
894	1000	1.8285e+06	0.250829	-0.643957	21
895	1000	1.13302e+06	0.310218	-2.99189	61
896	1000	1.45937e+06	0.355582	-2.79031	50
897	1000	1.50281e+06	0.370877	2.32867	52
898	1000	1.67215e+06	0.27767	1.62961	77
899	1000	1.44334e+06	0.395806	-2.53728	61
900	1000	2.91771e+06	0.137762	-0.495463	38
901	1000	2.7799e+06	0.395719	1.01477	16
902	1000	3.33379e+06	0.186171	1.01739	16
903	1000	4.64791e+06	0.40648	3.12829	28
904	1000	2.47229e+06	0.299332	0.608354	40
905	1000	1.21018e+06	0.431637	2.01783	37
906	1000	1.01834e+06	0.293971	-2.90173	482
907	1000	2.2814e+06	0.398197	-3.00153	56
908	1000	1.01003e+06	0.347152	1.83525	88
909	1000	1.67677e+06	0.383807	-1.58417	87
910	1000	943941	0.196062	-2.56516	352
911	1000	2.3504e+06	0.375386	2.87617	52
912	1000	1.39366e+06	0.283775	-1.46376	106
913	1000	1.45092e+06	0.269782	1.46485	28
914	1000	1.95094e+06	0.250476	1.26706	41
915	1000	3.32065e+06	0.243902	0.109885	20
916	1000	1.53752e+06	0.338456	0.826371	41
917	1000	1.74917e+06	0.301057	-2.41818	187
918	1000	3.25223e+06	0.253014	2.61346	18
919	1000	2.89459e+06	0.411366	-2.71906	10
920	1000	2.74635e+06	0.355094	0.558012	27
921	1000	3.13075e+06	0.172382	0.679779	39
922	1000	2.03294e+06	0.333803	1.92174	19
923	1000	2.99572e+06	0.417611	0.413079	42
924	1000	1.80993e+06	0.40354	-3.13262	24
925	1000	1.89878e+06	0.298394	-2.2511	52
926	1000	1.38571e+06	0.166816	-0.585528	44
927	1000	3.66094e+06	0.217135	-1.87354	18
928	1000	3.20978e+06	0.159227	0.731009	168
929	1000	2.1163e+06	0.398411	1.85054	27
930	1000	1.74834e+06	0.336475	2.05695	42
931	1000	3.21825e+06	0.299011	-0.1751	16
932	1000	2.57819e+06	0.248276	-0.416757	21
933	1000	2.03226e+06	0.141416	-0.189948	79
934	1000	2.51794e+06	0.107763	0.134826	37
935	1000	2.54759e+06	0.39005	-1.16443	95
936	1000	1.82253e+06	0.322888	0.764258	58
937	1000	2.08413e+06	0.448839	1.21502	25
938	1000	2.35482e+06	0.292068	2.46203	21
939	1000	1.31114e+06	0.289923	2.9279	54
940	1000	1.44086e+06	0.200056	1.5298	81
941	1000	1.07886e+06	0.284731	-2.43207	69
942	1000	2.03943e+06	0.351875	0.540895	63
943	1000	1.80149e+06	0.334429	0.106427	68
944	1000	1.91686e+06	0.196145	2.48446	158
945	1000	1.53854e+06	0.293924	2.02822	39
946	1000	2.37194e+06	0.257223	-1.60593	17
947	1000	3.35066e+06	0.171934	2.10423	124
948	1000	1.67519e+06	0.206527	0.258485	35
949	1000	1.30591e+06	0.13742	-1.77878	40
950	1000	1.34177e+06	0.443965	-0.550987	51
951	1000	2.98487e+06	0.39977	-0.749363	21
952	1000	2.81247e+06	0.32092	0.0145538	28
953	1000	2.44465e+06	0.401818	2.60642	24
954	1000	3.20974e+06	0.425561	1.29659	44
955	1000	3.48523e+06	0.428849	-2.97325	23
956	1000	1.20935e+06	0.18327	0.673102	87
957	1000	2.19264e+06	0.429052	1.06371	72
958	1000	1.69797e+06	0.431023	-1.83478	21
959	1000	2.55947e+06	0.344587	1.83973	44
960	1000	545602	0.403854	2.27097	537
961	1000	1.30772e+06	0.11724	-1.4303	128
962	1000	1.2743e+06	0.284353	0.355581	80
963	1000	1.40698e+06	0.328369	-0.798168	68
964	1000	2.40163e+06	0.261324	0.503422	34
965	1000	1.9566e+06	0.384991	-1.11391	39
966	1000	1.59e+06	0.203566	1.09138	716
967	1000	2.04612e+06	0.4498	-1.58822	66
968	1000	3.34736e+06	0.267796	-1.44954	65
969	1000	2.06448e+06	0.238858	-2.31428	35
970	1000	903520	0.206745	-0.598487	171
971	1000	1.77175e+06	0.447909	0.578621	36
972	1000	3.43825e+06	0.404465	-0.840834	58
973	1000	2.02504e+06	0.369241	1.09777	20
974	1000	3.32772e+06	0.322641	-2.49585	24
975	1000	2.09237e+06	0.296446	-0.732103	295
976	1000	2.21225e+06	0.378281	-2.45173	35
977	1000	1.8319e+06	0.0813718	0.156294	57
978	1000	1.15975e+06	0.292814	-2.00842	61
979	1000	3.20593e+06	0.218277	1.39182	21
980	1000	2.18796e+06	0.191862	-0.477794	538
981	1000	2.21813e+06	0.0419301	1.12948	23
982	1000	2.48734e+06	0.441068	2.67831	15
983	1000	1.50144e+06	0.31982	-1.33417	94
984	1000	974150	0.179259	2.36486	153
985	1000	1.46431e+06	0.136905	1.26783	55
986	1000	2.06814e+06	0.448679	-2.38891	22
987	1000	2.06215e+06	0.179864	-0.757449	53
988	1000	1.91179e+06	0.0388286	1.86094	56
989	1000	2.34489e+06	0.399334	-1.14253	57
990	1000	1.52749e+06	0.26389	-1.5134	66
991	1000	1.73369e+06	0.30122	-0.990893	20
992	1000	1.60312e+06	0.435576	-1.95364	33
993	1000	1.21987e+06	0.356015	-0.00750278	43
994	1000	3.76784e+06	0.3219	1.8566	32
995	1000	2.72108e+06	0.381559	-0.312417	23
996	1000	3.41608e+06	0.192951	-0.225473	19
997	1000	5.9577e+06	0.394961	0.474448	9
998	1000	1.14008e+06	0.221907	3.04367	62
999	1000	1.75343e+06	0.442386	-1.42409	44
1000	1000	2.10388e+06	0.321629	-2.81318	27
